4 6 4 10 1169 3 3 4 5 3 4 1 67 3 3 2 4 1 1 2 1
3 48 5 10 5951 5 5 2 4 3 2 1 22 3 3 1 4 1 2 2 2
2 12 4 7 2096 5 2 2 5 3 3 1 49 3 3 1 3 2 2 2 1
4 42 5 9 7882 5 2 2 5 1 4 3 45 3 1 1 4 2 2 2 1
4 24 3 11 4870 5 5 3 5 3 4 2 53 3 1 2 4 2 2 2 2
2 36 5 7 9055 3 5 2 5 3 4 2 35 3 1 1 3 2 1 2 1
2 24 5 9 2835 2 3 3 5 3 4 3 53 3 3 1 4 1 2 2 1
3 36 5 6 6948 5 5 2 5 3 2 4 35 3 2 1 2 1 1 2 1
2 12 5 10 3059 1 2 2 2 3 4 1 61 3 3 1 3 1 2 2 1
3 30 4 11 5234 5 1 4 3 3 2 4 28 3 3 2 2 1 2 2 2
3 12 5 11 1295 5 4 3 4 3 1 4 25 3 2 1 4 1 2 2 2
4 48 5 8 4308 5 4 3 4 3 4 3 24 3 2 1 4 1 2 2 2
3 12 5 10 1567 5 5 1 4 3 1 4 22 3 3 1 4 1 1 2 1
4 24 4 11 1199 5 3 4 5 3 4 4 60 3 3 2 3 1 2 2 2
4 15 5 11 1403 5 5 2 4 3 4 4 28 3 2 1 4 1 2 2 1
4 24 5 10 1282 4 5 4 4 3 2 4 32 3 3 1 3 1 2 2 2
2 24 4 10 2424 3 3 4 5 3 4 3 53 3 3 2 4 1 2 2 1
4 30 1 8 8072 3 4 2 5 3 3 4 25 2 3 3 4 1 2 2 1
3 24 5 6 12579 5 3 4 4 3 2 2 44 3 1 1 2 1 1 2 2
2 24 5 10 3430 2 3 3 5 3 2 4 31 3 3 1 4 2 1 2 1
2 9 4 11 2134 5 5 4 5 3 4 4 48 3 3 3 4 1 1 2 1
4 6 5 10 2647 2 5 2 5 3 3 1 44 3 2 1 4 2 2 2 1
4 10 4 11 2241 5 4 1 5 3 3 1 48 3 2 2 3 2 2 1 1
3 12 4 6 1804 4 4 3 5 3 4 3 44 3 3 1 4 1 2 2 1
2 10 4 9 2069 3 5 2 3 3 1 4 26 3 3 2 4 1 2 1 1
4 6 5 9 1374 5 5 1 5 3 2 1 36 2 3 1 3 1 1 2 1
2 6 1 10 426 5 3 4 3 3 4 4 39 3 3 1 3 1 2 2 1
1 12 2 10 409 1 5 3 4 3 3 1 42 3 2 2 4 1 2 2 1
3 7 5 10 2415 5 5 3 5 1 2 1 34 3 3 1 4 1 2 2 1
4 60 3 8 6836 5 3 3 5 3 4 2 63 3 3 2 4 1 1 2 2
3 18 5 8 1913 1 4 3 3 3 3 1 36 2 3 1 4 1 1 2 1
4 24 5 9 4020 5 5 2 5 3 2 4 27 1 3 1 4 1 2 2 1
3 18 5 11 5866 4 5 2 5 3 2 4 30 3 3 2 4 1 1 2 1
2 12 4 8 1264 3 3 4 5 3 4 2 57 3 2 1 3 1 2 2 1
1 12 5 9 1474 5 4 4 4 3 1 3 33 2 3 1 2 1 1 2 1
3 45 4 10 4746 5 4 4 5 3 2 3 25 3 3 2 3 1 2 2 2
2 48 4 7 6110 5 5 1 5 3 3 2 31 2 1 1 4 1 1 2 1
1 18 5 10 2100 5 5 4 5 2 2 1 37 1 3 1 4 1 2 2 2
1 10 5 3 1225 5 5 2 5 3 2 4 37 3 3 1 4 1 1 2 1
3 9 5 10 458 5 5 4 5 3 3 1 24 3 3 1 4 1 2 2 1
2 30 5 10 2333 2 3 4 5 3 2 4 30 2 3 1 2 1 2 2 1
3 12 5 10 1158 2 5 3 2 3 1 4 26 3 3 1 4 1 1 2 1
3 18 3 5 6204 5 5 2 5 3 4 1 44 3 3 1 3 2 1 2 1
4 30 4 6 6187 4 2 1 3 3 4 4 24 3 2 2 4 1 2 2 1
4 48 4 6 6143 5 3 4 4 3 4 2 58 1 1 2 3 1 2 2 2
2 11 4 11 1393 5 4 4 4 3 4 4 35 3 3 2 2 1 2 2 1
2 36 5 10 2299 2 3 4 5 3 4 4 39 3 3 1 4 1 2 2 1
4 6 5 6 1352 2 1 1 4 3 2 3 23 3 2 1 1 1 1 2 1
2 11 4 11 7228 5 5 1 5 3 4 3 39 3 3 2 3 1 2 2 1
2 12 5 10 2073 4 5 4 4 2 2 1 28 3 3 1 4 1 2 2 1
3 24 3 9 2333 3 4 4 5 3 2 3 29 2 3 1 3 1 2 2 1
3 27 3 6 5965 5 3 1 5 3 2 4 30 3 3 2 2 1 1 2 1
2 12 5 10 1262 5 5 3 5 3 2 4 25 3 3 1 4 1 2 2 1
2 18 5 6 3378 3 5 2 5 3 1 3 31 3 3 1 4 1 1 2 1
3 36 3 11 2225 5 3 4 5 3 4 2 57 2 1 2 4 1 1 2 2
2 6 2 11 783 3 5 1 5 1 2 1 26 1 3 1 3 2 2 2 1
3 12 5 10 6468 3 1 2 5 3 1 2 52 3 3 1 2 1 1 2 2
2 36 4 10 9566 5 5 2 4 3 2 4 31 1 3 2 4 1 2 2 1
1 18 5 11 1961 5 3 3 4 3 2 4 23 3 3 1 2 1 2 2 1
4 36 4 9 6229 5 4 4 4 2 4 2 23 3 2 2 3 1 1 2 2
3 9 5 8 1391 5 5 2 3 3 1 1 27 2 3 1 4 1 1 2 1
3 15 4 10 1537 3 3 4 5 1 4 1 50 3 3 2 4 1 1 2 1
3 36 1 8 1953 5 3 4 5 3 4 2 61 3 1 1 2 1 1 2 2
3 48 1 8 14421 5 5 2 5 3 2 4 25 3 3 1 4 1 1 2 2
2 24 5 10 3181 5 4 4 4 3 4 3 26 3 3 1 4 1 1 2 1
2 27 5 5 5190 3 3 4 5 3 4 3 48 3 3 4 4 2 1 2 1
2 12 5 10 2171 5 4 2 4 3 2 4 29 2 3 1 4 1 2 2 1
3 12 5 11 1007 1 5 4 3 3 1 1 22 3 3 1 4 1 2 2 1
2 36 5 7 1819 5 5 4 5 3 4 2 37 1 1 1 4 1 1 2 2
2 36 5 10 2394 3 5 4 4 3 4 4 25 3 3 1 4 1 2 2 1
2 36 5 6 8133 5 5 1 4 3 2 3 30 2 3 1 4 1 2 2 1
2 7 4 10 730 3 3 4 5 3 2 3 46 3 2 2 3 1 1 2 1
4 8 4 4 1164 5 3 3 5 3 4 2 51 2 1 2 2 2 1 2 1
3 42 4 8 5954 5 2 2 4 3 1 1 41 2 3 2 3 1 2 2 1
4 36 5 7 1977 3 3 4 5 3 4 2 40 3 3 1 2 1 1 2 2
4 12 4 6 1526 5 3 4 5 3 4 2 66 3 1 2 2 1 2 2 1
4 42 5 10 3965 5 4 4 5 3 3 4 34 3 3 1 4 1 2 2 2
3 11 3 10 4771 5 2 2 5 3 4 3 51 3 3 1 4 1 2 2 1
2 54 1 6 9436 3 5 2 5 3 2 3 39 3 3 1 3 2 2 2 1
3 30 5 9 3832 5 4 2 3 3 1 3 22 3 3 1 4 1 2 2 1
2 24 5 10 5943 3 4 1 4 3 1 4 44 3 3 2 4 1 1 2 2
2 15 5 10 1213 2 3 4 5 3 3 3 47 1 3 1 4 1 1 2 1
2 18 5 8 1568 4 5 3 4 3 4 3 24 3 2 1 3 1 2 2 1
4 24 5 4 1755 5 3 4 4 1 4 1 58 3 3 1 3 1 1 2 1
4 10 5 10 2315 5 3 3 5 3 4 1 52 3 3 1 3 1 2 2 1
2 12 4 8 1412 5 5 4 4 1 2 1 29 3 3 2 2 1 1 2 1
3 18 4 9 1295 5 4 4 4 3 1 3 27 3 3 2 4 1 2 2 1
3 36 5 7 12612 4 5 1 5 3 4 2 47 3 1 1 4 2 1 2 2
4 18 5 11 2249 4 2 4 5 3 3 4 30 3 3 1 2 2 1 2 1
4 12 1 5 1108 5 2 4 5 3 3 1 28 3 3 2 4 1 2 2 2
2 12 4 10 618 5 3 4 5 3 4 1 56 3 3 1 4 1 2 2 1
4 12 4 6 1409 5 3 4 5 3 3 1 54 3 3 1 4 1 2 2 1
2 12 4 10 797 3 3 4 4 3 3 3 33 2 3 1 3 2 2 2 2
1 24 4 9 3617 3 3 4 5 2 4 2 20 3 2 2 4 1 2 2 1
3 12 5 11 1318 1 3 4 5 3 4 1 54 3 3 1 4 1 1 2 1
3 54 1 8 15945 5 4 3 5 3 4 2 58 3 2 1 4 1 1 2 2
2 12 4 7 2012 3 2 4 4 3 2 4 61 3 3 1 4 1 2 2 1
3 18 5 8 2622 4 5 4 5 3 4 4 34 3 3 1 4 1 2 2 1
3 36 4 10 2337 5 3 4 5 3 4 1 36 3 3 1 4 1 2 2 1
3 20 3 6 7057 3 2 3 5 3 4 3 36 2 2 2 2 2 1 2 1
2 24 5 11 1469 4 3 4 3 3 4 1 41 3 2 1 3 1 2 2 1
3 36 5 10 2323 5 2 4 5 3 4 4 24 3 2 1 4 1 2 2 1
2 6 3 10 932 5 5 3 4 3 2 1 24 3 3 1 4 1 2 2 1
3 9 4 9 1919 5 2 4 5 3 3 4 35 3 2 1 4 1 1 2 1
2 12 5 6 2445 3 4 2 3 3 4 4 26 3 2 1 4 1 1 2 1
3 24 4 4 11938 5 5 2 5 2 3 4 39 3 3 2 2 2 1 2 2
2 18 2 11 6458 5 3 2 5 3 4 2 39 2 3 2 2 2 1 2 2
3 12 5 11 6078 5 2 2 5 3 2 4 32 3 3 1 4 1 2 2 1
4 24 5 9 7721 3 4 1 4 3 2 3 30 3 3 1 4 1 1 1 1
3 14 5 8 1410 2 3 1 3 3 2 1 35 3 3 1 4 1 1 2 1
3 6 3 8 1449 4 3 1 2 3 2 4 31 2 3 2 4 2 2 2 1
1 15 5 7 392 5 4 4 4 3 4 3 23 3 2 1 4 1 1 2 1
3 18 5 11 6260 5 2 3 5 3 3 1 28 3 2 1 3 1 2 2 1
2 36 4 11 7855 5 5 4 4 3 2 1 25 1 3 2 4 1 1 2 2
4 12 5 10 1680 2 3 3 3 3 1 1 35 3 3 1 4 1 2 2 1
2 48 4 10 3578 3 3 4 5 3 1 1 47 3 3 1 4 1 1 2 1
4 42 5 10 7174 3 2 4 4 3 3 4 30 3 3 1 2 1 1 2 2
4 10 4 9 2132 3 4 2 4 2 3 1 27 3 2 2 4 1 2 1 1
4 33 4 9 4281 2 5 1 4 3 4 4 23 3 3 2 4 1 2 2 2
3 12 4 11 2366 2 2 3 2 3 3 4 36 3 3 1 2 1 1 2 1
4 21 5 10 1835 5 5 3 4 3 2 1 25 3 3 2 4 1 1 2 2
2 24 4 6 3868 5 3 4 4 3 2 4 41 3 2 2 2 1 1 2 1
2 12 5 9 1768 5 5 3 5 3 2 1 24 3 2 1 3 1 2 2 1
1 10 4 11 781 5 3 4 5 3 4 2 63 3 1 2 4 1 1 2 1
3 18 5 9 1924 3 4 4 4 3 3 1 27 3 2 1 4 1 2 2 2
4 12 4 11 2121 5 5 4 5 3 2 3 30 3 3 2 4 1 2 2 1
4 12 5 10 701 5 5 4 3 3 2 1 40 3 3 1 3 1 2 2 1
3 12 5 5 639 5 5 4 5 3 2 4 30 3 3 1 4 1 2 2 2
3 12 4 6 1860 5 1 4 5 3 2 4 34 3 3 2 2 1 1 2 1
4 12 4 11 3499 5 5 3 4 2 2 1 29 3 3 2 4 1 2 2 2
3 48 5 11 8487 3 2 1 4 3 2 4 24 3 3 1 4 1 2 2 1
4 36 3 7 6887 5 5 4 5 3 3 3 29 1 3 1 4 1 1 2 2
2 15 5 9 2708 5 4 2 5 3 3 3 27 2 3 2 3 1 2 2 1
2 18 5 9 1984 5 5 4 5 3 4 2 47 2 1 2 4 1 2 2 1
2 60 5 10 10144 4 2 2 4 3 4 1 21 3 3 1 4 1 1 2 1
2 12 4 10 1240 3 3 4 4 3 2 1 38 3 3 2 4 1 1 2 1
2 27 3 6 8613 1 5 2 5 3 2 4 27 3 3 2 4 1 2 2 1
3 12 5 10 766 2 5 4 5 3 3 1 66 3 3 1 3 1 2 2 2
3 15 4 10 2728 3 2 4 5 1 2 1 35 2 3 3 4 1 1 2 1
1 12 5 10 1881 5 5 2 4 3 2 4 44 3 2 1 3 1 1 2 1
1 6 5 11 709 1 4 2 3 3 2 1 27 3 3 1 1 1 2 1 1
3 36 5 10 4795 5 4 4 4 3 1 2 30 3 3 1 2 1 1 2 1
4 27 5 10 3416 5 5 3 5 3 2 4 27 3 3 1 2 1 2 2 1
4 18 5 9 2462 5 5 2 5 3 2 4 22 3 3 1 4 1 2 2 2
2 21 4 9 2288 5 4 4 4 3 4 3 23 3 3 1 4 1 1 2 1
3 48 2 8 3566 4 2 4 5 3 2 4 30 3 3 1 4 1 2 2 1
4 6 4 11 860 5 3 1 4 3 4 2 39 3 3 2 4 1 1 2 1
2 12 4 11 682 4 2 4 4 3 3 4 51 3 3 2 4 1 1 2 1
4 36 4 9 5371 5 5 3 5 1 2 3 28 3 3 2 4 1 2 2 1
2 18 4 10 1582 1 3 4 5 3 4 4 46 3 3 2 4 1 2 2 1
2 6 5 10 1346 4 3 2 5 3 4 2 42 2 1 1 4 2 1 2 1
2 10 5 10 1924 5 5 1 5 3 4 3 38 3 3 1 4 1 1 1 1
1 36 5 10 5848 5 5 4 5 3 1 4 24 3 3 1 4 1 2 2 1
3 24 4 6 7758 1 3 2 4 3 4 2 29 3 2 1 4 1 2 2 1
3 24 3 8 6967 4 2 4 5 3 4 4 36 3 2 1 2 1 1 2 1
4 12 5 9 1282 5 5 2 4 3 4 4 20 3 2 1 4 1 2 2 2
4 9 4 5 1288 4 3 3 5 1 4 1 48 3 3 2 4 2 2 1 1
4 12 2 2 339 5 3 4 3 3 1 4 45 2 3 1 3 1 2 2 1
3 24 5 11 3512 4 2 2 5 3 3 4 38 2 3 2 4 1 1 2 1
2 6 4 10 1898 3 5 1 5 3 2 1 34 3 3 2 3 2 2 2 1
2 24 4 10 2872 4 3 3 5 3 4 1 36 3 3 1 4 2 1 2 1
2 18 4 11 1055 5 4 4 4 3 1 3 30 3 3 2 4 1 2 2 1
2 15 5 3 1262 2 2 4 5 3 3 3 36 3 3 2 4 1 1 2 1
3 10 5 11 7308 5 1 2 5 3 4 2 70 2 1 1 2 1 1 2 1
2 36 5 11 909 2 3 4 5 3 4 3 36 3 3 1 4 1 2 2 1
2 6 5 9 2978 2 5 1 5 3 2 4 32 3 3 1 4 1 1 2 1
4 18 5 9 1131 5 1 4 4 3 2 4 33 3 3 1 4 1 2 2 2
3 11 5 9 1577 1 4 4 4 3 1 1 20 3 3 1 4 1 2 2 1
2 24 5 9 3972 5 2 2 4 3 4 3 25 3 2 1 4 1 1 2 1
3 24 4 8 1935 5 3 4 2 3 4 1 31 3 3 2 4 1 1 2 2
4 15 1 11 950 5 3 4 5 3 3 4 33 3 2 2 4 2 2 2 2
2 12 5 9 763 5 5 4 4 3 1 1 26 3 3 1 4 1 1 2 1
3 24 3 9 2064 5 1 3 4 3 2 3 34 3 3 1 2 1 1 2 2
3 8 5 10 1414 5 5 4 5 1 2 1 33 3 3 1 4 1 2 1 1
4 21 3 7 3414 5 4 2 5 3 1 3 26 3 3 2 4 1 2 2 2
2 30 2 6 7485 3 1 4 4 3 1 1 53 2 3 1 2 1 1 2 2
4 12 5 9 2577 5 5 2 2 3 1 4 42 3 3 1 4 1 2 2 1
4 6 4 10 338 2 3 4 5 3 4 4 52 3 3 2 4 1 2 2 1
2 12 5 10 1963 5 2 4 5 3 2 4 31 3 2 2 2 2 1 2 1
4 21 4 11 571 5 3 4 5 3 4 1 65 3 3 2 4 1 2 2 1
2 36 3 8 9572 5 4 1 2 3 1 4 28 3 3 2 4 1 2 2 2
3 36 3 8 4455 5 5 2 2 3 2 1 30 1 3 2 2 1 1 2 2
4 21 2 11 1647 3 5 4 5 3 2 3 40 3 3 2 3 2 2 2 2
2 24 4 9 3777 1 5 4 5 3 4 1 50 3 3 1 4 1 1 2 1
3 18 4 11 884 5 3 4 5 3 4 4 36 2 3 1 4 2 1 2 2
2 15 4 10 1360 5 5 4 5 3 2 3 31 3 3 2 4 1 2 2 1
3 9 2 6 5129 5 3 2 4 3 4 2 74 2 1 1 2 2 1 2 2
3 16 4 11 1175 5 1 2 5 3 3 4 68 3 1 3 1 1 1 2 1
4 12 5 10 674 4 2 4 3 3 1 3 20 3 3 1 4 1 2 2 2
3 18 1 9 3244 5 5 1 4 3 4 4 33 2 3 2 4 1 1 2 1
2 24 5 8 4591 1 5 2 5 3 3 3 54 3 3 3 2 1 1 2 2
3 48 1 8 3844 4 2 4 5 3 4 2 34 3 1 1 3 2 2 2 2
3 27 5 8 3915 5 5 4 5 3 2 4 36 3 3 1 4 2 1 2 2
2 6 5 10 2108 5 2 2 3 3 2 1 29 3 2 1 4 1 2 2 1
3 45 5 10 3031 4 5 4 5 1 4 3 21 3 2 1 4 1 2 2 2
3 9 4 7 1501 5 3 2 4 3 3 4 34 3 3 2 2 1 1 2 2
2 6 4 10 1382 5 5 1 4 3 1 4 28 3 3 2 4 1 1 2 1
3 12 5 9 951 4 4 4 4 3 4 4 27 2 2 4 4 1 2 2 2
3 24 5 6 2760 3 3 4 5 3 4 2 36 2 1 1 4 1 1 2 1
3 18 3 9 4297 5 3 4 2 3 3 2 40 3 3 1 2 1 1 2 2
2 9 4 7 936 2 3 4 5 3 2 4 52 3 3 2 4 1 1 2 1
4 12 5 11 1168 5 5 4 3 3 3 1 27 3 3 1 3 1 2 2 1
2 27 3 8 5117 5 2 3 5 3 4 4 26 3 3 2 4 1 2 2 1
4 12 5 2 902 5 2 4 3 3 4 3 21 3 2 1 4 1 2 2 2
2 12 4 11 1495 5 3 4 5 3 1 1 38 3 3 2 3 2 2 2 1
4 30 4 6 10623 5 3 3 5 3 4 2 38 3 1 3 2 2 1 2 1
2 12 4 9 1935 5 3 4 5 3 4 1 43 3 3 3 4 1 1 2 1
3 12 4 3 1424 5 2 4 5 3 3 3 26 3 3 1 4 1 2 2 1
4 24 5 8 6568 5 5 2 3 3 2 4 21 1 3 1 3 1 2 2 1
2 12 5 6 1413 1 2 3 5 3 2 3 55 3 3 1 4 1 2 1 1
2 9 4 10 3074 3 5 1 5 3 2 1 33 3 3 2 4 2 2 2 1
2 36 5 10 3835 3 3 2 4 3 4 1 45 3 3 1 3 1 1 2 1
4 27 1 8 5293 5 1 2 5 3 4 3 50 1 3 2 4 1 1 2 2
1 30 3 8 1908 5 3 4 5 3 4 1 66 3 3 1 2 1 1 2 2
2 36 4 10 3342 3 3 4 5 3 2 4 51 3 3 1 4 1 1 2 1
3 6 4 2 932 3 2 1 4 3 3 3 39 3 3 2 3 1 2 2 1
4 18 1 8 3104 5 2 3 5 3 1 3 31 2 3 1 4 1 1 2 1
1 36 5 10 3913 5 5 2 5 3 2 1 23 3 3 1 4 1 1 2 1
4 24 5 9 3021 5 5 2 2 3 2 1 24 3 2 1 3 1 2 2 1
2 10 5 11 1364 5 5 2 4 3 4 4 64 3 3 1 4 1 1 2 1
3 12 5 10 625 5 4 4 3 1 1 1 26 2 3 1 3 1 2 2 1
4 12 5 7 1200 3 5 4 4 3 4 3 23 2 2 1 4 1 1 2 1
2 12 5 10 707 5 5 4 5 3 2 1 30 2 3 2 4 1 2 2 1
2 24 3 8 2978 3 5 4 5 3 4 1 32 3 3 2 4 2 1 2 1
2 15 5 6 4657 5 5 3 5 3 2 4 30 3 3 1 4 1 1 2 1
2 36 1 5 2613 5 5 4 5 3 2 4 27 3 3 2 4 1 2 2 1
3 48 5 10 10961 1 2 1 5 2 2 2 27 2 3 2 4 1 1 2 2
4 12 5 9 7865 5 3 4 5 3 4 2 53 3 1 1 2 1 1 2 2
2 9 5 10 1478 5 2 4 5 3 2 4 22 3 3 1 4 1 2 2 2
4 24 5 9 3149 5 4 4 5 3 1 2 22 2 1 1 4 1 2 2 1
1 36 5 10 4210 5 5 4 5 3 2 4 26 3 3 1 4 1 2 2 2
2 9 5 11 2507 2 3 2 5 3 4 2 51 3 1 1 3 1 2 2 1
2 12 5 10 2141 4 2 3 5 3 1 2 35 3 3 1 4 1 2 2 1
3 18 5 10 866 5 5 4 3 1 2 1 25 3 3 1 3 1 2 2 1
2 4 4 10 1544 5 2 2 5 3 1 1 42 3 3 3 3 2 2 2 1
4 24 5 10 1823 5 1 4 5 3 2 4 30 1 3 1 2 2 2 2 2
3 6 5 11 14555 3 1 1 5 3 2 3 23 3 3 1 1 1 1 2 2
3 21 5 8 2767 4 3 4 2 3 2 4 61 2 2 2 3 1 2 2 2
2 12 4 10 1291 5 5 4 4 3 2 3 35 3 3 2 4 1 2 2 1
4 30 5 10 2522 5 3 1 5 1 3 3 39 3 3 1 4 2 2 2 1
4 24 5 11 915 3 3 4 4 3 2 4 29 2 3 1 4 1 2 2 2
2 6 5 10 1595 5 2 3 5 3 2 3 51 3 3 1 4 2 2 2 1
4 48 1 6 4605 5 3 3 5 3 4 2 24 3 1 2 4 2 2 2 2
2 12 4 8 1185 5 5 3 4 3 2 1 27 3 3 2 4 1 2 2 1
2 12 2 2 3447 2 5 4 4 3 3 1 35 3 3 1 3 2 2 2 1
2 24 5 8 1258 5 2 4 5 3 1 1 25 3 3 1 4 1 1 2 1
2 12 4 10 717 5 3 4 5 3 4 1 52 3 3 3 4 1 2 2 1
2 6 1 11 1204 4 5 4 5 3 1 2 35 2 2 1 4 1 2 1 1
1 24 5 9 1925 5 5 2 5 3 2 1 26 3 3 1 4 1 2 2 1
2 18 5 10 433 5 1 3 4 2 4 1 22 3 2 1 4 1 2 2 2
4 6 4 11 666 1 2 3 4 3 4 1 39 3 3 2 3 1 1 2 1
1 12 5 9 2251 5 5 1 4 3 2 4 46 3 3 1 3 1 2 2 1
3 30 5 11 2150 5 5 4 4 1 2 2 24 2 3 1 4 1 2 2 2
2 24 3 9 4151 4 5 2 5 3 3 3 35 3 3 2 4 1 2 2 1
3 9 5 9 2030 3 2 2 5 3 1 4 24 3 3 1 4 1 1 2 1
3 60 3 10 7418 3 5 1 5 3 1 1 27 3 3 1 3 1 2 2 1
2 24 4 10 2684 5 5 4 5 3 2 1 35 3 3 2 3 1 2 2 1
4 12 2 10 2149 5 5 4 2 3 1 2 29 3 1 1 4 1 2 2 2
2 15 5 6 3812 4 4 1 4 3 4 4 23 3 3 1 4 1 1 2 1
2 11 4 10 1154 4 1 4 4 3 4 1 57 3 3 3 3 1 2 2 1
4 12 5 9 1657 5 5 2 5 3 2 1 27 3 3 1 4 1 2 2 1
4 24 5 10 1603 5 3 4 4 3 4 4 55 3 3 1 4 1 2 2 1
4 18 4 11 5302 5 3 2 5 3 4 2 36 3 1 3 2 1 1 2 1
2 12 4 7 2748 5 3 2 4 3 4 2 57 2 1 3 3 1 2 2 1
2 10 4 11 1231 5 3 3 5 3 4 1 32 3 3 2 3 2 2 1 1
3 15 5 10 802 5 3 4 5 3 3 4 37 3 3 1 4 2 2 2 2
2 36 4 8 6304 3 3 4 5 3 4 1 36 3 3 2 4 1 2 2 1
2 24 5 10 1533 5 4 4 4 3 3 4 38 1 3 1 4 1 1 2 1
4 14 5 11 8978 5 3 1 2 3 4 3 45 3 3 1 2 1 1 1 2
2 24 5 10 999 3 3 4 5 3 2 4 25 3 3 2 4 1 2 2 1
2 18 5 11 2662 3 2 4 5 3 3 3 32 3 3 1 4 1 2 1 1
2 12 4 9 1402 2 2 3 4 3 4 4 37 3 2 1 4 1 1 2 1
3 48 2 11 12169 3 1 4 5 2 4 2 36 3 1 1 2 1 1 2 1
3 48 5 10 3060 5 2 4 5 3 4 1 28 3 3 2 4 1 2 2 2
4 30 5 5 11998 5 4 1 2 3 1 2 34 3 3 1 3 1 1 2 2
2 9 5 10 2697 5 5 1 5 3 2 1 32 3 3 1 4 2 2 2 1
2 18 4 10 2404 5 5 2 4 3 2 4 26 3 3 2 4 1 2 2 1
4 12 5 9 1262 3 3 2 2 3 4 3 49 3 3 1 3 1 1 2 1
2 6 5 9 4611 5 4 1 4 3 4 3 32 3 3 1 4 1 2 2 2
2 24 5 10 1901 4 5 4 5 3 4 4 29 3 2 1 2 1 1 2 1
2 15 4 6 3368 1 3 3 5 3 4 2 23 3 2 2 4 1 1 2 1
2 12 5 9 1574 5 5 4 5 3 2 1 50 3 3 1 4 1 2 2 1
1 18 2 10 1445 3 2 4 5 3 4 4 49 2 3 1 3 1 2 2 1
2 15 4 9 1520 3 3 4 5 3 4 3 63 3 3 1 4 1 2 2 1
3 24 4 11 3878 4 4 4 2 3 2 4 37 3 3 1 4 1 1 2 1
4 47 5 11 10722 5 4 1 4 3 1 1 35 3 3 1 3 1 1 2 1
4 48 5 6 4788 5 2 4 5 3 3 3 26 3 3 1 4 2 2 2 1
3 48 3 4 7582 4 1 2 5 3 4 2 31 3 1 1 2 1 1 2 1
3 12 5 10 1092 5 5 4 4 1 4 1 49 3 3 2 4 1 1 2 1
4 24 3 10 1024 5 4 4 3 3 4 1 48 1 3 1 4 1 2 2 2
2 12 5 8 1076 5 5 2 3 3 2 1 26 3 3 1 4 1 1 1 1
3 36 5 6 9398 5 4 1 3 3 4 4 28 3 2 1 2 1 1 2 2
4 24 4 6 6419 5 3 2 4 3 4 2 44 3 1 2 2 2 1 2 1
1 42 4 6 4796 5 3 4 5 3 4 2 56 3 1 1 4 1 2 2 1
2 48 4 8 7629 3 3 4 2 3 2 4 46 2 3 2 2 2 2 2 1
3 48 5 9 9960 5 4 1 4 3 2 4 26 3 3 1 4 1 1 2 2
2 12 5 6 4675 3 4 1 4 3 4 4 20 3 2 1 4 1 2 2 1
2 10 5 11 1287 3 3 4 5 2 2 3 45 3 3 1 3 1 2 1 1
2 18 5 9 2515 5 5 3 5 3 4 1 43 3 3 1 4 1 1 2 1
3 21 4 9 2745 1 2 3 5 3 2 4 32 3 3 2 4 1 1 2 1
2 6 5 11 672 5 1 1 4 3 4 1 54 3 3 1 1 1 1 2 1
3 36 1 10 3804 5 5 4 4 3 1 4 42 3 3 1 4 1 1 2 2
1 24 4 11 1344 3 2 4 5 3 2 1 37 2 3 2 3 2 2 2 2
4 10 4 11 1038 5 2 4 5 2 3 3 49 3 3 2 4 1 1 2 1
2 48 4 11 10127 2 5 2 5 3 2 2 44 2 1 1 4 1 2 2 2
2 6 5 9 1543 1 5 4 2 3 2 1 33 3 3 1 4 1 2 2 1
2 30 5 6 4811 3 2 2 4 3 4 3 24 1 2 1 3 1 2 2 1
4 12 5 10 727 4 4 4 3 3 3 2 33 3 3 1 3 1 1 2 2
3 8 5 9 1237 5 5 3 4 3 4 1 24 3 3 1 4 1 2 2 2
3 9 5 11 276 5 5 4 3 3 4 1 22 3 2 1 3 1 2 2 1
3 48 5 4 5381 3 1 3 5 3 4 2 40 2 1 1 1 1 1 2 1
2 24 5 9 5511 4 5 4 5 3 1 4 25 1 3 1 4 1 2 2 1
1 24 5 9 3749 5 4 2 4 3 4 4 26 3 3 1 4 1 2 2 1
3 12 5 11 685 5 2 2 3 3 3 4 25 2 3 1 3 1 2 2 2
1 4 5 11 1494 3 4 1 5 3 2 1 29 3 3 1 3 2 2 1 1
4 36 2 9 2746 5 3 4 5 3 4 4 31 2 3 1 4 1 2 2 2
4 12 5 9 708 5 5 2 5 1 3 3 38 3 3 1 3 2 2 2 1
3 24 5 9 4351 3 5 1 4 3 4 3 48 3 3 1 3 1 1 2 1
2 12 4 7 701 5 5 4 5 3 2 4 32 3 3 2 4 1 2 2 1
4 15 3 9 3643 5 3 1 4 3 4 3 27 3 3 2 3 1 2 2 1
3 30 4 11 4249 5 1 4 3 3 2 4 28 3 3 2 2 1 2 2 2
4 24 5 10 1938 5 4 4 2 3 3 3 32 3 3 1 4 1 2 2 2
4 24 5 6 2910 5 2 2 5 3 1 2 34 3 1 1 2 1 1 2 1
4 18 5 9 2659 1 5 4 5 3 2 4 28 3 3 1 4 1 2 2 1
2 18 4 11 1028 5 5 4 4 3 3 1 36 3 3 2 4 1 2 2 1
4 8 4 11 3398 5 2 1 5 3 4 1 39 3 3 2 3 1 2 1 1
2 12 4 9 5801 3 3 2 5 3 4 3 49 3 2 1 4 1 1 2 1
2 24 5 11 1525 1 2 4 4 3 3 4 34 3 3 1 4 2 1 2 1
1 36 5 10 4473 5 3 4 5 3 2 4 31 3 3 1 4 1 2 2 1
3 6 5 10 1068 5 3 4 5 3 4 4 28 3 3 1 4 2 2 2 1
4 24 4 6 6615 5 1 2 5 3 4 2 75 3 1 2 2 1 1 2 1
2 18 4 7 1864 4 5 4 4 3 2 1 30 3 3 2 4 1 2 2 2
3 60 5 11 7408 4 4 4 4 3 2 3 24 3 3 1 2 1 2 2 2
2 48 4 6 11590 4 5 2 4 3 4 4 24 2 2 2 3 1 2 2 2
4 24 1 9 4110 5 3 3 5 3 4 2 23 2 2 2 4 2 2 2 2
4 6 4 9 3384 5 5 1 2 3 4 1 44 3 2 1 2 1 1 2 2
3 13 5 10 2101 5 4 2 4 1 4 3 23 3 3 1 3 1 2 2 1
4 15 5 3 1275 3 5 4 4 3 2 4 24 3 2 1 4 1 2 2 2
4 24 5 9 4169 5 5 4 5 3 4 3 28 3 3 1 4 1 2 2 1
3 10 5 9 1521 5 5 4 2 3 2 4 31 3 3 1 3 1 2 2 1
3 24 4 7 5743 5 4 2 4 3 4 2 24 3 1 2 4 1 1 2 1
4 21 5 9 3599 5 2 1 4 3 4 4 26 3 2 1 3 1 2 2 1
3 18 5 10 3213 2 4 1 3 3 3 1 25 3 2 1 4 1 2 2 1
3 18 5 8 4439 5 3 1 5 2 1 1 33 2 3 1 2 1 1 2 1
1 10 5 11 3949 5 4 1 5 1 1 3 37 3 3 1 3 2 2 2 1
2 15 4 10 1459 5 5 4 4 3 2 4 43 3 3 1 3 1 2 2 1
3 13 4 10 882 5 4 4 5 1 4 1 23 3 3 2 4 1 2 2 1
3 24 5 10 3758 2 1 1 4 3 4 2 23 3 2 1 1 1 2 2 1
2 6 3 8 1743 4 5 1 5 3 2 1 34 3 3 2 3 1 2 2 1
3 9 4 7 1136 1 3 4 5 3 3 2 32 3 1 2 4 2 2 2 2
2 9 5 3 1236 5 4 1 4 3 4 1 23 3 2 1 4 1 1 2 1
3 9 5 9 959 5 5 1 4 3 2 4 29 3 3 1 4 1 2 1 2
2 18 4 6 3229 3 1 2 5 3 4 2 38 3 3 1 2 1 1 2 1
4 12 1 10 6199 5 5 4 5 3 2 3 28 3 2 2 4 1 1 2 2
2 10 5 7 727 2 3 4 5 3 4 2 46 3 1 1 4 1 1 2 1
3 24 5 11 1246 5 4 4 5 3 2 1 23 1 3 1 3 1 2 2 2
2 12 4 10 2331 3 3 1 5 2 4 1 49 3 3 1 4 1 1 2 1
2 36 3 10 4463 5 5 4 5 3 2 4 26 3 3 2 2 1 1 2 2
2 12 5 10 776 5 5 4 3 3 2 1 28 3 3 1 4 1 2 2 1
4 30 5 9 2406 5 2 4 4 3 4 1 23 3 2 1 4 1 2 2 2
3 18 5 7 1239 3 5 4 5 3 4 2 61 3 1 1 4 1 2 2 1
1 12 5 10 3399 3 3 2 5 3 3 4 37 3 3 1 2 1 2 2 1
1 12 3 11 2247 5 5 2 4 3 2 4 36 1 3 2 4 1 1 2 1
2 6 5 9 1766 5 5 1 3 3 2 3 21 3 2 1 4 1 2 2 1
4 18 5 9 2473 5 1 4 5 3 1 4 25 3 3 1 1 1 2 2 2
2 12 5 8 1542 5 2 2 5 3 4 4 36 3 3 1 4 1 1 2 1
2 18 4 6 3850 5 2 3 5 3 1 4 27 3 3 2 4 1 2 2 1
4 18 5 9 3650 5 4 1 4 3 4 4 22 3 2 1 4 1 2 2 1
4 36 5 9 3446 5 3 4 5 3 2 4 42 3 3 1 4 2 2 2 2
3 18 5 9 3001 5 2 2 4 3 4 1 40 3 2 1 4 1 2 2 1
2 36 5 11 3079 3 5 4 5 3 4 1 36 3 3 1 4 1 2 2 1
2 18 4 10 6070 5 3 3 5 3 4 4 33 3 3 2 4 1 1 2 1
2 10 4 9 2146 5 4 1 4 3 3 1 23 3 2 2 4 1 2 2 1
2 60 4 11 13756 3 3 2 5 3 4 2 63 2 1 1 2 1 1 2 1
3 60 2 4 14782 4 3 3 4 3 4 2 60 2 1 2 2 1 1 2 2
4 48 2 8 7685 5 2 2 4 1 4 4 37 3 2 1 4 1 2 2 2
2 18 3 10 2320 5 1 2 3 3 3 1 34 3 3 2 4 1 2 2 1
2 7 3 10 846 3 3 3 5 3 4 2 36 3 1 1 4 1 2 2 1
3 36 5 11 14318 5 3 4 5 3 2 2 57 3 1 1 2 1 1 2 2
2 6 4 11 362 4 5 4 4 3 4 4 52 3 3 2 3 1 2 2 1
4 20 5 9 2212 3 2 4 5 3 4 4 39 3 3 1 4 1 1 2 1
3 18 5 6 12976 5 1 3 4 3 4 2 38 3 1 1 2 1 1 2 2
2 22 5 11 1283 3 2 4 4 3 4 3 25 3 2 1 4 1 2 2 1
1 12 5 11 1330 5 4 4 5 3 1 1 26 3 3 1 4 1 2 2 1
2 30 3 8 4272 4 5 2 5 3 2 3 26 3 3 2 3 1 2 2 1
2 18 4 10 2238 5 5 2 4 3 1 4 25 3 3 2 4 1 2 2 1
2 18 5 10 1126 3 4 4 4 3 2 1 21 3 2 1 4 1 1 2 1
3 18 4 9 7374 5 1 4 5 3 4 3 40 1 3 2 2 1 1 2 1
3 15 4 8 2326 2 5 2 5 3 4 4 27 2 3 1 4 1 2 2 1
2 9 5 8 1449 5 2 3 4 3 2 4 27 3 3 2 4 1 2 2 1
2 18 5 11 1820 5 5 2 3 3 2 3 30 3 3 1 2 1 1 2 1
3 12 5 9 983 1 4 1 4 3 4 1 19 3 2 1 3 1 2 2 1
4 36 5 11 3249 5 2 2 5 3 4 2 39 2 1 1 2 2 1 2 1
4 6 4 10 1957 5 2 1 4 3 4 4 31 3 3 1 4 1 2 2 1
2 9 4 9 2406 5 1 2 5 3 3 4 31 3 3 1 2 1 2 2 1
3 39 3 7 11760 4 2 2 5 3 3 2 32 3 2 1 4 1 1 2 1
4 12 5 9 2578 5 1 3 4 3 4 2 55 3 1 1 2 1 2 2 1
4 36 4 9 2348 5 5 3 3 3 2 3 46 3 3 2 4 1 1 2 1
3 12 5 11 1223 5 3 1 2 3 1 1 46 3 2 2 4 1 2 2 2
2 24 4 10 1516 1 5 4 4 3 1 1 43 3 3 2 3 1 2 2 1
2 18 5 10 1473 5 4 3 3 3 4 1 39 3 3 1 4 1 1 2 1
3 18 4 8 1887 3 5 4 3 3 4 1 28 2 3 2 4 1 2 2 1
2 24 3 8 8648 5 4 2 5 3 2 4 27 2 3 2 4 1 1 2 2
2 14 3 11 802 5 5 4 5 3 2 4 27 3 3 2 3 1 2 2 1
3 18 3 11 2899 3 3 4 5 3 4 4 43 3 3 1 4 2 2 2 1
3 24 5 10 2039 5 4 1 3 3 1 3 22 3 3 1 4 1 1 2 2
2 24 4 6 2197 3 2 4 5 3 4 4 43 3 3 2 4 2 1 2 1
4 15 5 10 1053 5 4 4 3 3 2 1 27 3 3 1 4 1 2 1 1
2 24 5 10 3235 2 3 3 2 3 2 4 26 3 3 1 2 1 1 2 1
1 12 4 11 939 2 2 4 3 3 2 1 28 3 3 3 4 1 1 2 2
3 24 5 10 1967 5 3 4 4 3 4 4 20 3 3 1 4 1 1 2 1
2 33 4 6 7253 5 2 3 5 3 2 4 35 3 3 2 2 1 1 2 1
2 12 4 8 2292 5 1 4 5 3 2 4 42 1 3 2 2 1 1 2 2
2 10 5 11 1597 2 5 3 5 3 2 2 40 3 2 1 3 2 2 1 1
4 24 5 11 1381 3 5 4 4 3 2 3 35 3 3 1 4 1 2 2 2
2 36 4 6 5842 5 3 2 5 3 2 3 35 3 3 2 4 2 1 2 1
4 12 5 11 2579 5 4 4 5 3 1 1 33 3 3 1 3 2 2 2 2
4 18 3 7 8471 3 5 1 4 3 2 4 23 3 2 2 4 1 1 2 1
2 21 5 11 2782 2 2 1 4 3 2 4 31 2 3 1 2 1 2 2 1
3 18 5 11 1042 3 5 4 4 3 2 3 33 3 3 1 4 1 2 2 2
2 15 5 11 3186 1 2 2 4 3 3 4 20 3 2 1 4 1 2 2 1
3 12 5 6 2028 3 5 4 5 3 2 4 30 3 3 1 4 1 2 2 1
3 12 4 11 958 5 2 2 5 3 3 1 47 3 3 2 3 2 2 2 1
2 21 3 9 1591 4 2 4 5 3 3 1 34 3 3 2 2 1 2 2 1
3 12 5 9 2762 3 3 1 4 3 2 3 25 2 3 1 4 1 1 2 2
3 18 5 6 2779 5 5 1 3 3 3 4 21 3 2 1 4 1 1 2 1
2 28 4 10 2743 5 3 4 5 3 2 4 29 3 3 2 4 1 2 2 1
2 18 4 10 1149 1 5 4 5 3 3 1 46 3 3 2 4 1 2 2 1
2 9 5 9 1313 5 3 1 5 3 4 4 20 3 3 1 4 1 2 2 1
4 18 4 5 1190 5 1 2 4 3 4 2 55 3 1 3 1 2 2 2 2
2 5 5 8 3448 5 2 1 5 3 4 1 74 3 3 1 3 1 2 2 1
3 24 5 4 11328 5 5 2 5 2 3 4 29 2 3 2 2 1 1 2 2
4 6 4 9 1872 5 1 4 5 3 4 2 36 3 1 3 2 1 1 2 1
2 24 4 5 2058 5 5 4 2 3 2 1 33 3 3 2 4 1 1 2 1
4 9 5 9 2136 5 5 3 5 3 2 1 25 3 3 1 4 1 2 2 1
3 12 5 10 1484 3 5 2 3 3 1 1 25 3 3 1 4 1 1 2 2
2 6 5 5 660 2 2 2 3 3 4 1 23 3 2 1 3 1 2 2 1
2 24 4 11 1287 1 3 4 4 3 4 1 37 3 3 2 4 1 1 2 1
4 42 4 5 3394 5 1 4 5 2 4 4 65 3 3 2 1 1 2 2 1
1 12 2 8 609 5 4 4 4 3 1 1 26 3 3 1 1 1 2 2 2
2 12 5 11 1884 5 3 4 5 3 4 4 39 3 3 1 2 1 1 2 1
4 12 5 9 1620 5 5 2 4 2 3 3 30 3 3 1 4 1 2 2 1
3 20 3 4 2629 5 5 2 5 3 3 4 29 2 3 2 4 1 1 2 1
2 12 5 7 719 5 3 4 5 3 4 4 41 2 3 1 3 2 2 2 2
3 48 4 9 5096 5 5 2 4 3 3 4 30 3 3 1 2 1 1 2 2
2 9 4 7 1244 3 3 4 4 3 4 3 41 3 2 2 3 1 2 2 1
4 36 5 11 1842 5 4 4 4 3 4 4 34 3 3 1 4 1 1 2 2
3 7 5 10 2576 5 5 2 5 1 2 1 35 3 3 1 4 1 2 2 1
1 12 5 9 1424 3 3 3 4 3 4 1 55 3 3 1 2 1 1 2 1
3 15 3 5 1512 1 5 3 3 3 3 3 61 1 3 2 4 1 2 2 2
2 36 4 6 11054 3 5 4 5 3 2 4 30 3 3 1 2 1 1 2 1
2 6 5 10 518 5 5 3 4 3 1 1 29 3 3 1 4 1 2 2 1
2 12 1 9 2759 5 3 2 5 3 4 3 34 3 3 2 4 1 2 2 1
2 24 5 6 2670 5 3 4 5 3 4 4 35 3 3 1 2 1 1 2 1
4 24 5 11 4817 5 2 2 5 2 3 3 31 3 3 1 4 1 1 2 2
2 24 5 6 2679 5 4 4 4 3 1 2 29 3 3 1 2 1 1 2 1
4 11 4 11 3905 5 5 2 5 3 2 1 36 3 2 2 4 2 2 2 1
4 12 5 6 3386 5 3 3 5 3 4 2 35 3 1 1 4 1 1 2 2
4 6 5 3 343 5 4 4 4 3 1 1 27 3 3 1 4 1 2 2 1
2 18 5 10 4594 5 4 3 5 3 2 4 32 3 3 1 4 1 1 2 1
4 36 5 9 3620 5 5 1 5 1 2 3 37 3 3 1 4 2 2 2 1
4 15 5 11 1721 5 4 2 5 3 3 1 36 3 3 1 4 1 2 2 1
3 12 5 9 3017 5 4 3 4 3 1 1 34 3 2 1 2 1 2 2 1
3 12 5 2 754 3 3 4 5 3 4 3 38 3 3 2 4 1 2 2 1
2 18 5 8 1950 5 2 4 5 3 1 4 34 1 3 2 4 1 1 2 1
4 24 5 6 2924 5 5 3 5 1 4 2 63 2 3 1 4 2 1 2 1
4 24 3 10 1659 5 4 4 4 3 2 4 29 3 2 1 3 1 1 2 2
2 48 3 10 7238 3 3 3 5 3 3 4 32 2 3 2 4 2 2 2 1
2 33 3 8 2764 5 5 2 4 3 2 4 26 3 3 2 4 1 1 2 1
2 24 3 6 4679 5 2 3 5 3 3 4 35 3 3 2 3 1 1 2 1
3 24 5 10 3092 4 4 3 3 3 2 4 22 3 2 1 4 1 1 2 2
4 6 5 7 448 5 4 4 4 3 4 3 23 3 3 1 4 1 2 2 2
4 9 5 11 654 5 5 4 5 3 3 4 28 3 3 1 3 1 2 2 2
2 6 5 2 1238 3 1 4 5 3 4 3 36 3 3 1 2 2 1 2 1
3 18 4 10 1245 5 5 4 3 3 2 4 33 3 3 1 4 1 2 2 2
4 18 1 9 3114 5 4 1 4 3 4 3 26 3 2 1 4 1 2 2 2
2 39 5 6 2569 2 5 4 5 3 4 4 24 3 3 1 4 1 2 2 1
1 24 5 10 5152 5 2 4 5 3 2 4 25 2 3 1 4 1 2 2 1
3 12 5 8 1037 4 2 3 5 3 4 1 39 3 3 1 3 1 2 2 1
4 15 4 9 1478 5 3 4 5 3 4 4 44 3 3 2 4 2 1 2 1
3 12 4 10 3573 5 5 1 4 3 1 1 23 3 3 1 3 1 2 2 1
3 24 5 11 1201 5 4 4 5 3 1 3 26 3 3 1 4 1 2 2 1
4 30 5 9 3622 1 3 4 4 3 4 3 57 3 2 2 4 1 1 2 1
2 15 3 9 960 1 2 3 4 3 2 3 30 3 3 2 4 1 2 2 1
2 12 4 11 1163 2 5 4 5 3 4 1 44 3 3 1 4 1 1 2 1
3 6 3 11 1209 5 1 4 5 3 4 3 47 3 3 1 2 1 1 2 2
2 12 5 10 3077 5 5 2 5 3 4 4 52 3 3 1 4 1 1 2 1
2 24 5 11 3757 5 3 4 4 2 4 2 62 3 1 1 4 1 1 2 1
2 10 5 11 1418 4 5 3 5 3 2 1 35 3 2 1 3 1 2 1 1
2 6 5 11 3518 5 5 2 5 1 3 3 26 3 2 1 4 1 2 2 1
2 12 4 10 1934 5 3 2 5 3 2 2 26 3 3 2 4 1 2 2 1
3 27 1 8 8318 5 3 2 4 3 4 2 42 3 1 2 2 1 1 2 2
2 6 4 10 1237 4 5 1 4 3 1 3 27 3 3 2 4 1 2 2 1
3 6 5 10 368 3 3 4 5 3 4 3 38 3 3 1 4 1 2 2 1
4 12 4 11 2122 5 5 3 5 3 2 1 39 3 2 2 3 2 2 1 1
4 24 5 9 2996 3 5 2 3 3 4 4 20 3 3 1 4 1 2 2 2
3 36 5 9 9034 4 4 4 5 2 1 2 29 3 2 1 2 1 1 2 2
2 24 4 9 1585 5 2 4 5 3 3 3 40 3 3 2 4 1 2 2 1
3 18 5 10 1301 5 3 4 3 1 2 1 32 3 3 1 3 1 2 2 1
1 6 4 11 1323 4 3 2 2 3 4 4 28 3 3 2 4 2 1 2 1
4 24 5 11 3123 5 4 4 4 3 1 3 27 3 3 1 4 1 2 2 2
4 36 5 6 5493 5 3 2 5 3 4 2 42 3 1 1 4 2 2 2 1
1 9 5 10 1126 4 3 2 2 3 4 1 49 3 3 1 4 1 2 2 1
3 24 4 10 1216 4 4 4 5 3 4 2 38 2 3 2 4 2 2 2 2
4 24 5 11 1207 5 4 4 4 3 4 3 24 3 2 1 4 1 2 2 2
2 10 5 11 1309 3 5 4 5 1 4 3 27 3 3 1 3 1 2 2 2
1 15 4 6 2360 2 5 2 5 3 2 4 36 3 3 1 4 1 1 2 1
3 15 2 11 6850 4 1 1 5 3 2 3 34 3 3 1 2 2 1 2 2
2 24 5 10 1413 5 5 4 3 3 2 3 28 3 3 1 4 1 2 2 1
2 39 5 6 8588 4 3 4 5 3 2 4 45 3 3 1 2 1 1 2 1
4 12 5 11 759 5 2 4 5 3 2 1 26 3 3 1 4 1 2 2 2
2 36 5 6 4686 5 5 2 5 3 2 2 32 3 1 1 2 1 1 2 1
1 15 5 8 2687 5 2 2 5 3 4 3 26 3 2 1 4 1 1 2 1
3 12 3 10 585 5 5 4 3 2 4 1 20 3 2 2 4 1 2 2 1
2 24 5 11 2255 3 4 4 5 3 1 3 54 3 3 1 4 1 2 2 1
4 6 4 11 609 5 2 4 4 3 3 3 37 3 3 2 4 1 2 1 1
4 6 4 11 1361 5 4 2 5 3 4 1 40 3 3 1 3 2 2 1 1
2 36 4 9 7127 5 4 2 4 3 4 3 23 3 2 2 4 1 1 2 2
4 6 5 11 1203 4 3 3 5 3 2 3 43 3 3 1 4 1 1 2 1
2 6 4 10 700 3 3 4 5 3 4 2 36 3 1 2 4 1 2 2 1
2 24 4 5 5507 5 3 3 5 3 4 2 44 3 1 2 4 1 2 2 1
4 18 5 10 3190 5 5 2 4 3 2 1 24 3 3 1 4 1 2 2 2
4 48 1 9 7119 5 5 3 5 3 4 2 53 3 1 2 4 2 2 2 2
2 24 5 6 3488 4 2 3 4 3 4 4 23 3 3 1 4 1 2 2 1
3 18 5 10 1113 5 5 4 4 1 4 1 26 3 3 1 3 2 2 2 1
3 26 5 6 7966 5 4 2 5 3 3 4 30 3 3 2 4 1 2 2 1
2 15 4 7 1532 4 5 4 4 3 3 4 31 3 3 1 4 1 2 2 1
2 4 4 10 1503 5 2 2 5 3 1 1 42 3 3 2 3 2 2 2 1
4 36 5 10 2302 5 5 4 2 3 4 4 31 3 2 1 4 1 2 2 2
4 6 5 11 662 5 4 3 5 3 4 1 41 3 3 1 3 2 1 2 1
3 36 5 7 2273 5 2 3 5 3 1 4 32 3 3 2 4 2 2 2 1
3 15 5 11 2631 4 5 2 4 3 4 4 28 3 2 2 4 1 1 2 2
2 12 3 6 1503 5 5 4 3 3 4 1 41 3 2 1 4 1 2 2 1
2 24 5 10 1311 4 2 4 3 3 3 3 26 3 3 1 4 1 1 2 1
2 24 5 10 3105 3 4 4 5 3 2 4 25 3 3 2 4 1 2 2 1
1 21 4 7 2319 5 4 2 2 3 1 4 33 3 2 1 4 1 2 2 2
4 6 5 11 1374 3 1 4 4 3 3 3 75 3 3 1 2 1 1 2 1
3 18 4 9 3612 5 3 3 4 3 4 3 37 3 3 1 4 1 1 2 1
4 48 5 11 7763 5 3 4 5 3 4 2 42 2 1 1 2 1 2 2 2
1 18 5 9 3049 5 4 1 4 3 1 3 45 1 3 1 3 1 2 2 1
3 12 5 10 1534 5 4 1 3 3 1 1 23 3 2 1 4 1 2 2 2
2 24 3 11 2032 5 3 4 5 3 4 2 60 3 1 2 4 1 1 2 1
4 30 5 9 6350 3 3 4 5 3 4 3 31 3 3 1 4 1 2 2 2
1 18 5 9 2864 5 5 2 5 3 1 1 34 3 3 1 3 2 2 2 2
2 12 4 11 1255 5 3 4 5 3 4 1 61 3 3 2 3 1 2 2 1
4 24 3 11 1333 5 1 4 5 3 2 1 43 3 1 2 4 2 2 2 2
2 24 4 11 2022 5 5 4 4 3 4 4 37 3 3 1 4 1 1 2 1
2 24 5 10 1552 5 2 3 5 3 1 4 32 2 3 1 4 2 2 2 1
4 12 2 10 626 5 5 4 4 3 4 1 24 2 3 1 3 1 2 2 2
2 48 4 6 8858 3 2 2 5 3 1 2 35 3 1 2 4 1 1 2 1
2 12 4 5 996 3 2 4 4 3 4 1 23 3 3 2 4 1 2 2 1
2 6 2 10 1750 2 3 2 5 3 4 3 45 2 3 1 3 2 2 2 1
4 48 5 10 6999 5 2 1 3 1 1 1 34 3 3 2 4 1 1 2 2
3 12 4 11 1995 4 4 4 5 3 1 4 27 3 3 1 4 1 2 2 1
3 9 5 7 1199 5 2 4 4 3 4 3 67 3 3 2 2 1 1 2 1
3 12 5 10 1331 5 4 2 5 3 1 4 22 1 3 1 4 1 2 2 2
3 18 1 11 2278 4 4 3 4 3 3 4 28 3 3 2 4 1 2 2 2
2 21 1 11 5003 3 5 1 4 3 4 3 29 2 3 2 4 1 1 2 2
4 24 2 9 3552 5 2 3 5 3 4 4 27 2 3 1 4 1 2 2 2
3 18 4 9 1928 5 4 2 5 3 2 1 31 3 3 2 3 1 2 2 2
4 24 5 6 2964 3 3 4 5 3 4 2 49 2 1 1 4 2 1 2 1
4 24 2 10 1546 5 2 4 5 1 4 4 24 2 2 1 3 1 2 2 2
1 6 3 10 683 5 4 2 4 3 1 3 29 2 3 1 4 1 2 2 1
3 36 5 11 12389 3 5 1 5 3 4 2 37 3 1 1 4 1 1 2 2
3 24 3 8 4712 3 5 4 5 3 2 3 37 2 3 2 2 1 1 2 1
3 24 3 10 1553 4 2 3 4 3 2 3 23 3 2 2 4 1 1 2 1
4 12 5 11 1372 5 2 2 2 3 3 4 36 3 3 1 4 1 2 2 2
2 24 4 10 2578 1 3 2 5 3 2 4 34 3 3 1 4 1 2 2 1
3 48 5 10 3979 3 2 4 5 3 1 4 41 3 3 2 4 2 1 2 1
4 48 5 10 6758 5 5 3 4 3 2 4 31 3 3 1 4 1 1 2 2
4 24 5 9 3234 5 4 4 4 3 4 1 23 3 2 1 3 1 1 2 2
2 30 4 10 5954 5 2 3 5 2 2 4 38 3 3 1 4 1 2 2 1
2 24 5 6 5433 3 1 2 4 3 4 3 26 3 2 1 2 1 1 2 1
4 15 5 8 806 5 5 4 4 3 4 3 22 3 3 1 3 1 2 2 1
3 9 5 10 1082 5 3 4 5 3 4 4 27 3 3 2 3 1 2 2 1
2 15 4 9 2788 5 2 2 4 2 3 4 24 2 3 2 4 1 2 2 1
3 12 5 10 2930 5 2 2 4 3 1 1 27 3 3 1 4 1 2 2 1
2 24 4 7 1927 3 5 3 4 3 2 4 33 3 3 2 4 1 1 2 1
3 36 4 11 2820 5 4 4 2 3 4 4 27 3 3 2 4 1 2 2 2
2 24 5 2 937 5 4 4 3 3 3 4 27 3 3 2 3 1 2 2 1
3 18 4 11 1056 5 3 3 5 1 3 1 30 2 3 2 4 1 2 2 2
3 12 4 11 3124 5 4 1 5 3 3 1 49 2 3 2 3 2 2 2 1
2 9 5 9 1388 5 5 4 4 3 2 1 26 3 2 1 4 1 2 2 1
3 36 5 5 2384 5 4 4 5 3 1 2 33 3 2 1 3 1 2 2 2
2 12 5 11 2133 3 3 4 4 3 4 2 52 3 1 1 2 1 1 2 1
4 18 5 9 2039 5 5 1 4 3 4 1 20 2 2 1 4 1 2 2 2
4 9 4 11 2799 5 5 2 5 3 2 1 36 3 2 2 4 2 2 2 1
4 12 5 9 1289 5 5 4 5 1 1 3 21 3 3 1 3 1 2 2 1
4 18 5 3 1217 5 5 4 3 3 3 1 47 3 3 1 3 1 1 2 2
4 12 4 9 2246 5 3 3 5 3 3 3 60 3 3 2 4 1 2 2 2
4 12 4 10 385 5 2 4 4 3 3 1 58 3 3 4 3 1 1 2 1
3 24 3 11 1965 3 5 4 4 3 4 4 42 3 2 2 4 1 1 2 1
2 21 5 8 1572 1 3 4 4 3 4 1 36 2 3 1 3 1 2 2 1
3 24 5 11 2718 5 5 3 4 3 4 3 20 3 2 1 3 1 1 2 2
4 24 2 4 1358 3 3 4 5 3 3 4 40 1 3 1 2 1 1 2 2
3 6 2 11 931 4 4 1 4 3 1 3 32 1 3 1 3 1 2 2 2
4 24 5 11 1442 5 2 4 4 3 4 4 23 3 2 2 4 1 2 2 2
3 24 1 8 4241 5 5 1 5 3 4 1 36 3 3 3 3 1 1 2 2
2 18 4 11 2775 5 2 2 5 3 2 3 31 2 3 2 4 1 2 2 2
2 24 3 8 3863 5 5 1 5 3 2 2 32 3 1 1 4 1 2 2 1
3 7 5 10 2329 5 4 1 4 1 1 1 45 3 3 1 4 1 2 2 1
3 9 5 9 918 5 5 4 4 3 1 3 30 3 3 1 4 1 2 2 2
3 24 2 7 1837 5 2 4 4 3 4 2 34 2 1 1 3 1 2 2 2
2 36 5 9 3349 5 5 4 4 3 2 4 28 3 3 1 2 1 1 2 2
1 10 5 9 1275 5 4 4 4 3 2 3 23 3 3 1 4 1 2 2 1
4 24 2 9 2828 2 5 4 5 3 4 1 22 1 3 1 4 1 1 2 1
2 24 4 8 4526 5 5 3 5 3 2 1 74 3 3 1 2 1 1 2 1
3 36 5 10 2671 4 5 4 4 2 4 2 50 3 1 1 4 1 2 2 2
2 18 5 10 2051 5 4 4 5 3 1 1 33 3 3 1 4 1 2 2 1
2 15 5 6 1300 3 3 4 5 3 4 2 45 2 1 1 4 2 2 2 1
4 12 5 3 741 4 1 4 4 3 3 3 22 3 3 1 4 1 2 2 2
1 10 5 11 1240 4 3 1 4 3 4 2 48 3 1 1 3 2 2 2 2
4 21 5 10 3357 1 4 4 4 3 2 4 29 2 3 1 4 1 2 2 1
4 24 2 6 3632 5 5 1 4 1 4 4 22 2 2 1 4 1 2 1 1
2 18 3 9 1808 5 2 4 4 3 1 1 22 3 3 1 4 1 2 2 2
3 48 1 8 12204 3 5 2 5 3 2 4 48 2 3 1 2 1 1 2 1
3 60 3 10 9157 3 5 2 5 3 2 2 27 3 1 1 2 1 2 2 1
4 6 4 11 3676 5 5 1 5 3 3 1 37 3 2 3 4 2 2 2 1
3 30 5 9 3441 4 5 2 4 2 4 4 21 3 2 1 4 1 2 2 2
2 12 5 11 640 5 5 4 2 3 2 1 49 3 3 1 3 1 2 2 1
3 21 4 8 3652 5 2 2 5 3 3 3 27 3 3 2 4 1 2 2 1
2 18 4 11 1530 5 5 3 5 3 2 3 32 2 3 2 4 1 2 2 2
2 48 5 8 3914 3 5 4 2 3 2 1 38 2 3 1 4 1 2 2 2
4 12 5 9 1858 5 4 4 4 3 1 4 22 3 2 1 4 1 2 2 1
4 18 5 10 2600 5 5 4 5 3 4 2 65 3 1 2 4 1 2 2 2
2 15 5 10 1979 3 3 4 5 3 2 4 35 3 3 1 4 1 2 2 1
1 6 5 9 2116 5 5 2 5 3 2 1 41 3 3 1 4 1 1 2 1
3 9 2 11 1437 4 2 2 5 3 3 2 29 3 3 1 4 1 2 2 2
2 42 4 9 4042 2 5 4 5 3 4 1 36 3 3 2 4 1 1 2 1
2 9 5 7 3832 3 3 1 5 3 4 1 64 3 3 1 3 1 2 2 1
4 24 5 10 3660 5 5 2 4 3 4 4 28 3 3 1 4 1 2 2 1
4 18 2 9 1553 5 5 4 5 3 3 4 44 2 3 1 4 1 2 2 2
3 15 5 10 1444 3 4 4 5 3 1 3 23 3 3 1 4 1 2 2 1
2 9 5 9 1980 5 4 2 4 2 2 4 19 3 2 2 4 1 2 2 2
3 24 5 11 1355 5 4 3 4 3 4 4 25 3 3 1 3 1 1 2 2
2 12 5 7 1393 5 3 4 5 3 4 3 47 2 3 3 4 2 1 2 1
2 24 5 10 1376 2 2 4 4 3 1 4 28 3 3 1 4 1 2 2 1
2 60 3 10 15653 5 2 2 5 3 4 4 21 3 3 2 4 1 1 2 1
2 12 5 10 1493 5 4 4 4 3 3 4 34 3 3 1 4 2 2 2 1
4 42 3 10 4370 5 2 3 5 3 2 3 26 2 3 2 4 2 1 2 2
4 18 5 7 750 5 1 4 4 3 1 1 27 3 3 1 1 1 2 2 2
3 15 5 5 1308 5 3 4 5 3 4 4 38 3 3 2 3 1 2 2 1
2 15 5 7 4623 4 5 3 5 3 2 3 40 3 3 1 2 1 1 2 2
2 24 4 10 1851 5 2 4 3 1 2 4 33 3 3 2 4 1 1 2 1
4 18 4 10 1880 5 2 4 3 3 1 3 32 3 3 2 2 1 1 2 1
2 36 3 8 7980 3 4 4 5 3 4 4 27 3 2 2 4 1 1 2 2
4 30 1 9 4583 5 5 2 2 1 2 1 32 3 3 2 4 1 2 2 1
2 12 5 11 1386 2 5 2 4 3 2 3 26 3 3 1 4 1 2 2 2
1 24 5 11 947 5 2 4 5 3 3 2 38 2 1 1 4 2 2 2 2
4 12 5 7 684 5 5 4 5 3 4 4 40 3 2 1 3 2 2 2 2
4 48 5 7 7476 5 2 4 5 3 1 2 50 3 1 1 2 1 1 2 1
3 12 5 9 1922 5 5 4 5 3 2 3 37 3 3 1 3 1 2 2 2
4 24 5 11 2303 5 3 4 5 2 1 1 45 3 3 1 4 1 2 2 2
3 36 3 11 8086 4 3 2 5 3 4 4 42 3 3 4 2 1 1 2 2
2 24 4 6 2346 5 2 4 5 3 3 4 35 3 3 2 4 1 1 2 1
4 14 5 11 3973 5 1 1 5 3 4 2 22 3 1 1 4 1 2 2 1
3 12 5 11 888 5 3 4 5 3 4 4 41 2 3 1 3 2 2 2 2
2 48 5 10 10222 3 2 4 5 3 3 4 37 1 3 1 4 1 1 2 1
3 30 1 8 4221 5 5 2 4 3 1 4 28 3 3 2 4 1 2 2 1
3 18 4 9 6361 5 3 2 5 3 1 2 41 3 3 1 4 1 1 2 1
1 12 5 10 1297 5 5 3 3 3 4 1 23 3 2 1 4 1 2 2 1
4 12 5 11 900 3 5 4 3 3 2 4 23 3 3 1 4 1 2 2 2
2 21 5 9 2241 5 3 4 5 3 2 1 50 3 3 2 4 1 2 2 1
3 6 3 9 1050 5 1 4 5 3 1 3 35 1 3 2 2 1 1 2 1
1 6 4 7 1047 5 5 2 4 3 4 3 50 3 3 1 3 1 2 2 1
2 24 4 4 6314 5 1 4 5 2 2 2 27 2 3 2 2 1 1 2 1
3 30 2 9 3496 1 5 4 5 3 2 4 34 1 3 1 4 2 1 2 1
2 48 2 8 3609 5 5 1 4 3 1 1 27 1 3 1 4 1 2 2 1
4 12 4 11 4843 5 3 3 5 2 4 3 43 3 2 2 4 1 1 2 2
1 30 4 10 3017 5 3 4 5 3 4 3 47 3 3 1 4 1 2 2 1
2 24 4 8 4139 4 5 3 5 3 3 3 27 3 3 2 3 1 1 2 1
2 36 5 8 5742 4 2 2 5 3 2 4 31 3 3 2 4 1 1 2 1
2 60 5 11 10366 5 3 2 5 3 4 3 42 3 3 1 2 1 1 2 1
2 6 4 11 2080 2 5 1 3 3 2 4 24 3 3 1 4 1 2 2 1
2 21 3 8 2580 2 4 4 5 3 2 1 41 2 3 1 3 2 2 2 2
2 30 4 10 4530 5 2 4 4 3 4 4 26 3 2 1 2 1 1 2 1
2 24 4 9 5150 5 3 4 5 3 4 4 33 3 3 1 4 1 1 2 1
3 72 5 10 5595 4 5 2 3 3 2 4 24 3 3 1 4 1 2 2 2
4 24 5 10 2384 5 3 4 5 3 4 1 64 2 2 1 3 1 2 2 1
2 18 5 10 1453 5 4 3 4 3 1 1 26 3 3 1 4 1 2 2 1
2 6 5 7 1538 5 4 1 4 3 2 2 56 3 3 1 4 1 2 2 1
2 12 5 10 2279 3 5 4 5 3 4 2 37 3 1 1 4 1 1 2 1
2 15 3 10 1478 5 5 4 3 3 3 1 33 2 3 2 4 1 2 2 1
2 24 4 10 5103 5 4 3 3 3 3 2 47 3 1 3 4 1 1 2 1
3 36 3 8 9857 4 2 1 5 3 3 3 31 3 3 2 3 2 1 2 1
2 60 5 11 6527 3 5 4 5 3 4 2 34 3 1 1 4 2 1 2 1
1 10 4 10 1347 3 2 4 5 3 2 3 27 3 3 2 4 1 1 2 1
3 36 3 11 2862 4 3 4 5 3 3 2 30 3 1 1 4 1 2 2 1
2 9 5 10 2753 4 3 3 5 2 4 4 35 3 3 1 4 1 1 2 1
4 12 5 11 3651 1 5 1 5 3 3 3 31 3 3 1 4 2 2 2 1
4 15 4 9 975 5 5 2 2 3 3 3 25 3 3 2 4 1 2 2 1
3 15 5 5 2631 4 5 3 4 3 2 1 25 3 3 1 3 1 2 2 1
3 24 5 10 2896 4 4 2 5 3 1 4 29 3 3 1 4 1 2 2 1
4 6 4 11 4716 3 4 1 5 3 3 1 44 3 3 2 3 2 2 2 1
2 24 5 10 2284 5 2 4 5 3 2 4 28 3 3 1 4 1 1 2 1
2 6 5 6 1236 2 5 2 5 3 4 3 50 3 2 1 4 1 2 2 1
3 12 5 10 1103 5 2 4 5 1 3 1 29 3 3 2 4 1 2 1 1
2 12 4 11 926 5 1 1 4 3 2 3 38 3 3 1 1 1 2 2 1
2 18 4 10 1800 5 5 4 5 3 2 4 24 3 3 2 4 1 2 2 1
1 15 5 7 1905 5 3 4 5 3 4 4 40 3 2 1 2 1 1 2 1
2 12 5 9 1123 2 5 4 4 3 4 4 29 3 2 1 3 1 2 2 2
4 48 4 6 6331 5 3 4 5 3 4 2 46 3 1 2 4 1 1 2 2
1 24 5 10 1377 4 3 4 4 3 2 2 47 3 1 1 4 1 1 2 1
3 30 3 8 2503 4 3 4 5 3 2 3 41 1 3 2 4 1 2 2 1
3 27 5 8 2528 5 4 4 4 3 1 3 32 3 3 1 4 2 1 2 1
2 15 5 11 5324 2 3 1 4 3 4 2 35 3 1 1 4 1 2 2 1
3 48 5 11 6560 4 2 3 5 3 2 3 24 3 3 1 4 1 2 2 2
3 12 1 9 2969 5 4 4 4 3 3 3 25 3 2 2 4 1 2 2 2
3 9 5 10 1206 5 3 4 4 3 4 1 25 3 3 1 4 1 2 2 1
3 9 5 10 2118 5 5 2 5 3 2 1 37 3 3 1 3 2 2 2 1
2 18 4 10 629 2 3 4 5 3 3 3 32 2 3 2 2 1 1 2 1
4 6 2 7 1198 5 3 4 4 3 4 2 35 3 1 1 4 1 2 2 2
2 21 5 6 2476 3 3 4 5 3 4 1 46 3 3 1 2 1 1 2 1
4 9 4 10 1138 5 5 4 5 3 4 1 25 3 3 2 3 1 2 2 1
3 60 5 11 14027 5 2 4 5 3 2 2 27 3 3 1 2 1 1 2 2
2 30 4 6 7596 3 3 1 5 3 4 4 63 3 3 2 4 1 2 2 1
2 30 4 10 3077 3 3 3 5 3 2 4 40 3 3 2 4 2 1 2 1
2 18 5 10 1505 5 5 4 5 3 2 2 32 3 1 1 2 1 1 2 1
1 24 4 10 3148 3 5 3 5 3 2 4 31 3 3 2 4 1 1 2 1
3 20 1 6 6148 4 3 3 3 3 4 4 31 2 3 2 4 1 1 2 1
1 9 1 10 1337 5 4 4 5 3 2 4 34 3 3 2 2 1 1 2 2
3 6 2 7 433 1 4 4 4 3 2 3 24 2 2 1 4 2 2 2 2
4 12 5 11 1228 5 5 4 4 3 2 1 24 3 3 1 3 1 2 2 2
3 9 5 10 790 2 5 4 4 3 3 1 66 3 3 1 3 1 2 2 1
2 27 5 11 2570 5 5 3 4 3 3 1 21 3 2 1 4 1 2 2 2
2 6 4 11 250 1 5 2 4 3 2 1 41 2 3 2 3 1 2 2 1
2 15 4 10 1316 2 5 2 3 3 2 3 47 3 3 2 3 1 2 2 1
4 18 5 10 1882 5 5 4 4 3 4 4 25 2 2 2 4 1 2 2 2
3 48 2 8 6416 5 3 4 4 3 3 2 59 3 2 1 4 1 2 2 2
1 24 4 8 1275 1 5 2 2 3 4 1 36 3 3 2 4 1 1 2 1
3 24 3 10 6403 5 4 1 5 3 2 4 33 3 3 1 4 1 2 2 1
4 24 5 10 1987 5 5 2 5 3 4 1 21 3 2 1 3 2 2 2 2
3 8 5 10 760 5 2 4 4 1 2 1 44 3 3 1 3 1 2 2 1
2 24 5 6 2603 1 5 2 4 3 4 4 28 3 2 1 4 1 1 2 1
2 4 4 11 3380 5 2 1 4 3 1 1 37 3 3 1 4 2 2 2 1
3 36 2 3 3990 3 4 3 4 3 2 2 29 2 3 1 1 1 2 2 1
3 24 5 6 11560 5 5 1 4 3 4 4 23 3 2 2 2 1 2 2 2
4 18 5 11 4380 4 5 3 5 3 4 4 35 3 3 1 3 2 1 2 1
2 6 4 11 6761 5 2 1 5 3 3 2 45 3 3 2 2 2 1 2 1
3 30 1 8 4280 4 5 4 4 3 4 4 26 3 2 2 3 1 2 2 2
4 24 2 11 2325 4 2 2 5 3 3 4 32 2 3 1 4 1 2 2 1
3 10 2 10 1048 5 5 4 5 3 4 1 23 1 3 1 3 1 2 2 1
2 21 5 10 3160 3 3 4 5 3 3 3 41 3 3 1 4 1 1 2 1
4 24 2 9 2483 2 5 4 5 3 4 1 22 1 3 1 4 1 1 2 1
4 39 4 9 14179 3 2 4 5 3 4 3 30 3 3 2 2 1 1 2 1
4 13 4 8 1797 5 4 3 5 3 1 3 28 2 3 2 3 1 2 2 1
4 15 5 11 2511 5 1 1 4 3 4 4 23 3 2 1 4 1 2 2 1
4 12 5 11 1274 5 4 3 4 3 1 1 37 3 3 1 3 1 2 2 2
2 21 5 6 5248 3 5 1 5 3 3 4 26 3 3 1 4 1 2 2 1
2 15 5 6 3029 5 2 2 5 3 2 4 33 3 3 1 4 1 2 2 1
4 6 5 9 428 5 3 2 4 3 1 3 49 2 3 1 4 1 1 2 1
4 18 5 11 976 5 4 1 4 3 2 4 23 3 3 1 3 1 2 2 2
3 12 5 8 841 4 2 2 4 3 4 1 23 3 2 1 3 1 2 2 1
2 30 4 10 5771 5 2 4 4 3 2 4 25 3 3 2 4 1 2 2 1
2 12 3 5 1555 1 3 4 5 3 4 2 55 3 1 2 4 2 2 2 2
4 24 5 11 1285 3 2 4 4 3 4 2 32 3 2 1 4 1 2 2 2
1 6 4 11 1299 5 5 1 5 3 1 1 74 3 3 3 1 2 2 1 1
1 15 4 10 1271 3 5 3 5 3 4 2 39 3 1 2 4 1 1 2 2
2 24 5 11 1393 5 5 2 5 1 2 1 31 3 3 1 4 1 1 2 1
4 12 4 11 691 5 3 4 5 3 3 3 35 3 3 2 4 1 2 2 2
2 15 4 11 5045 3 3 1 4 3 4 4 59 3 3 1 4 1 1 2 1
4 18 4 9 2124 5 5 4 4 3 4 1 24 3 2 2 4 1 2 2 2
4 12 5 10 2214 5 5 4 5 3 3 3 24 3 3 1 3 1 2 2 1
2 21 4 11 12680 3 3 4 5 3 4 2 30 3 1 1 2 1 1 2 2
2 24 4 11 2463 4 2 4 3 3 3 3 27 3 3 2 4 1 1 2 1
3 12 5 10 1155 5 3 3 3 1 3 1 40 2 3 2 3 1 2 2 1
4 30 5 9 3108 5 4 2 2 3 4 3 31 3 3 1 3 1 2 2 2
2 10 5 6 2901 3 4 1 4 3 4 1 31 3 2 1 4 1 2 2 1
3 12 4 9 3617 5 3 1 5 3 4 4 28 3 2 3 4 1 1 2 1
2 12 4 10 1655 5 3 2 5 3 4 1 63 3 3 2 3 1 1 2 1
4 24 5 6 2812 3 3 2 4 3 4 1 26 3 2 1 4 1 2 2 1
4 36 4 7 8065 5 5 3 4 3 2 2 25 3 3 2 2 1 1 2 2
2 21 4 6 3275 5 3 1 5 3 4 4 36 3 3 1 2 1 1 2 1
2 24 4 10 2223 4 3 4 5 3 4 3 52 2 3 2 4 1 2 2 1
1 12 4 11 1480 2 1 2 5 3 4 2 66 2 1 3 1 1 2 2 1
4 24 5 11 1371 3 5 4 4 3 4 1 25 3 2 1 4 1 2 2 2
2 36 4 11 3535 5 2 4 5 3 4 4 37 3 3 2 4 1 1 2 1
4 18 5 10 3509 5 2 4 4 1 1 1 25 3 3 1 4 1 2 2 1
2 36 4 6 5711 1 3 4 5 3 2 4 38 3 3 2 2 1 1 2 1
3 18 5 5 3872 5 1 2 4 3 4 4 67 3 3 1 4 1 1 2 1
3 39 4 10 4933 5 2 2 5 1 2 1 25 3 3 2 4 1 2 2 2
2 24 4 11 1940 1 3 4 5 3 4 1 60 3 3 1 4 1 1 2 1
3 12 1 2 1410 5 5 2 5 3 2 1 31 3 3 1 3 1 1 2 1
3 12 5 11 836 4 4 4 4 3 2 3 23 2 3 1 3 1 2 2 2
3 20 5 6 6468 3 1 1 2 3 4 1 60 3 3 1 2 1 1 2 1
3 18 5 8 1941 1 5 4 5 3 2 3 35 3 3 1 3 1 1 2 1
2 22 5 10 2675 2 3 3 5 3 4 4 40 3 3 1 4 1 2 2 1
2 48 4 6 2751 3 3 4 5 3 3 4 38 3 3 2 4 2 1 2 1
3 48 3 7 6224 5 3 4 5 3 4 2 50 3 1 1 4 1 2 2 2
4 40 4 7 5998 5 5 4 5 3 3 2 27 2 3 1 4 1 1 2 2
3 21 5 8 1188 5 3 2 4 3 4 3 39 3 3 1 4 2 2 2 2
2 24 5 6 6313 3 3 3 5 3 4 4 41 3 3 1 2 2 1 2 1
2 6 4 9 1221 3 5 1 3 3 2 3 27 3 3 2 4 1 2 2 1
1 24 5 9 2892 5 3 3 2 3 4 2 51 3 1 1 4 1 2 2 1
2 24 5 9 3062 2 3 4 5 3 3 2 32 3 2 1 4 1 1 2 1
2 9 5 9 2301 4 4 2 4 3 4 3 22 3 2 1 4 1 2 2 1
4 18 5 6 7511 3 3 1 5 3 4 3 51 3 1 1 4 2 1 2 2
2 12 4 9 1258 5 4 2 4 3 4 3 22 3 2 2 3 1 2 2 1
2 24 3 11 717 3 3 4 3 3 4 4 54 3 3 2 4 1 1 2 1
3 9 5 11 1549 3 4 4 5 3 2 1 35 3 3 1 1 1 2 2 1
2 24 4 7 1597 5 3 4 5 3 4 2 54 3 1 2 4 2 2 2 1
3 18 4 10 1795 5 3 3 4 1 4 1 48 2 2 2 3 1 1 2 1
4 20 4 9 4272 5 3 1 4 3 4 3 24 3 3 2 4 1 2 2 1
2 12 4 10 976 3 3 4 5 3 4 4 35 3 3 2 4 1 2 2 1
3 12 5 11 7472 3 1 1 4 3 2 1 24 3 2 1 1 1 2 2 1
4 36 5 11 9271 5 2 2 5 3 1 4 24 3 3 1 4 1 1 2 2
3 6 5 10 590 5 4 3 3 3 3 1 26 3 3 1 3 1 2 1 1
2 12 4 10 930 3 3 4 5 3 4 1 65 3 3 4 4 1 2 2 1
3 42 2 6 9283 5 1 1 5 3 2 2 55 2 1 1 2 1 1 2 1
3 15 1 11 1778 5 4 2 4 3 1 1 26 3 2 2 1 1 2 2 2
3 8 5 8 907 5 4 3 3 3 2 1 26 3 3 1 4 1 1 2 1
3 6 5 10 484 5 2 3 3 1 3 1 28 2 3 1 3 1 2 2 1
4 36 4 6 9629 5 2 4 5 3 4 4 24 3 3 2 4 1 1 2 2
4 48 5 3 3051 5 5 3 5 3 4 4 54 3 3 1 4 1 2 2 2
4 48 5 11 3931 5 2 4 5 3 4 2 46 3 1 1 4 2 2 2 2
3 36 3 11 7432 5 5 2 4 3 2 3 54 3 2 1 4 1 2 2 1
2 6 5 3 1338 2 5 1 2 3 4 1 62 3 3 1 4 1 2 2 1
2 6 4 10 1554 5 2 1 4 3 2 4 24 3 2 2 4 1 1 2 1
4 36 5 4 15857 5 1 2 2 2 3 4 43 3 3 1 2 1 2 2 1
4 18 5 10 1345 5 5 4 3 3 3 1 26 2 3 1 4 1 2 2 2
2 12 5 11 1101 5 5 3 3 3 2 1 27 3 3 2 4 1 1 2 1
1 12 5 10 3016 5 5 3 3 3 1 4 24 3 3 1 4 1 2 2 1
4 36 5 9 2712 5 3 2 5 3 2 3 41 2 3 1 4 2 2 2 2
4 8 4 11 731 5 3 4 5 3 4 1 47 3 3 2 3 1 2 2 1
2 18 4 9 3780 5 4 3 2 3 2 4 35 3 3 2 2 1 1 2 1
4 21 4 11 1602 5 3 4 3 3 3 4 30 3 3 2 4 1 1 2 1
4 18 4 11 3966 5 3 1 4 3 4 1 33 2 2 3 4 1 1 2 2
2 18 1 8 4165 5 5 2 5 3 2 4 36 1 3 2 4 2 2 2 2
4 36 5 6 8335 3 3 3 5 3 4 2 47 3 1 1 4 1 2 2 2
3 48 3 8 6681 3 5 4 5 3 4 2 38 3 1 1 4 2 1 2 1
2 24 3 8 2375 2 5 4 5 3 2 4 44 3 3 2 4 2 1 2 1
4 18 5 11 1216 5 4 4 4 3 3 4 23 3 2 1 4 1 1 2 2
4 45 1 8 11816 5 3 2 5 3 4 4 29 3 2 2 4 1 2 2 2
3 24 5 10 5084 3 3 2 4 3 4 4 42 3 3 1 4 1 1 2 1
1 15 5 10 2327 5 4 2 4 3 3 1 25 3 3 1 3 1 2 2 2
4 12 1 11 1082 5 5 4 5 3 4 4 48 2 3 2 4 1 2 2 2
2 12 5 10 886 3 5 4 4 3 2 4 21 3 3 1 4 1 2 2 1
2 4 5 9 601 5 4 1 4 3 3 1 23 3 2 1 3 2 2 2 1
4 24 4 6 2957 5 3 4 5 3 4 3 63 3 3 2 4 1 1 2 1
2 24 4 10 2611 5 3 4 3 2 3 1 46 3 3 2 4 1 2 2 1
4 36 5 9 5179 5 2 4 5 3 2 3 29 3 3 1 4 1 2 2 2
2 21 3 6 2993 5 5 3 5 3 2 1 28 1 3 2 3 1 2 2 1
2 18 5 5 1943 5 4 4 4 3 4 1 23 3 3 1 4 1 2 2 2
2 24 2 8 1559 5 2 4 5 3 4 4 50 2 3 1 4 1 1 2 1
2 18 5 9 3422 5 3 4 5 3 4 3 47 2 3 3 4 2 1 2 1
3 21 5 9 3976 3 2 2 5 3 3 4 35 3 3 1 4 1 1 2 1
2 18 5 11 6761 3 5 2 5 3 4 4 68 3 2 2 4 1 2 2 2
2 24 5 11 1249 5 4 4 3 3 2 1 28 3 3 1 4 1 2 2 1
4 9 5 10 1364 5 2 3 5 3 4 1 59 3 3 1 4 1 2 2 1
4 12 5 10 709 5 3 4 5 3 4 1 57 1 3 1 3 1 2 2 2
4 20 4 11 2235 5 5 4 3 1 2 3 33 2 2 2 4 1 2 1 2
2 24 4 6 4042 3 2 3 5 3 4 3 43 3 3 2 4 1 1 2 1
2 15 4 10 1471 5 5 4 5 3 4 2 35 3 1 2 4 1 1 2 1
4 18 2 11 1442 5 2 4 5 3 4 2 32 3 1 2 3 2 2 2 2
2 36 3 11 10875 5 3 2 5 3 2 4 45 3 3 2 4 2 1 2 1
2 24 5 11 1474 4 4 4 3 3 3 1 33 3 3 1 4 1 1 2 1
2 10 5 2 894 3 2 4 4 3 3 3 40 3 3 1 4 1 1 2 1
2 15 4 9 3343 5 5 4 5 3 2 2 28 3 1 1 4 1 1 2 1
4 15 5 11 3959 5 5 3 4 3 2 3 29 3 3 1 4 1 1 2 2
2 9 5 11 3577 4 5 1 5 1 2 1 26 3 2 1 4 2 2 1 1
2 24 4 6 5804 1 5 4 5 3 2 1 27 3 3 2 4 1 2 2 1
2 18 3 8 2169 5 5 4 3 3 2 4 28 3 3 1 4 1 1 2 2
4 24 5 10 2439 5 4 4 4 3 4 1 35 3 3 1 4 1 1 2 2
2 27 4 9 4526 1 4 4 5 3 2 1 32 1 3 2 3 2 1 2 1
2 10 5 9 2210 5 5 2 5 3 2 1 25 2 2 1 3 1 2 2 2
2 15 5 9 2221 2 5 2 4 3 4 4 20 3 2 1 4 1 2 2 1
4 18 5 10 2389 5 4 4 4 3 1 4 27 1 3 1 4 1 2 2 1
2 12 4 9 3331 5 3 2 5 3 4 3 42 1 3 1 4 1 2 2 1
2 36 5 8 7409 3 3 3 5 3 2 3 37 3 3 2 4 1 2 2 1
4 12 5 9 652 5 3 4 4 3 4 3 24 3 2 1 4 1 2 2 1
2 36 3 9 7678 2 2 2 4 3 4 4 40 3 3 2 4 1 1 2 1
1 6 4 11 1343 5 3 1 5 3 4 1 46 3 3 2 4 2 2 1 1
4 24 4 8 1382 4 2 4 5 3 1 1 26 3 3 2 4 1 1 2 1
2 15 5 3 874 3 4 4 4 3 1 1 24 3 3 1 4 1 2 2 1
4 12 5 9 3590 5 5 2 5 2 2 3 29 3 3 1 3 2 2 2 1
3 11 4 11 1322 1 5 4 4 3 4 4 40 3 3 2 4 1 2 2 1
4 18 2 10 1940 5 4 3 5 2 4 2 36 2 1 1 2 1 1 2 1
2 36 5 10 3595 5 3 4 5 3 2 4 28 3 3 1 4 1 2 2 1
4 9 5 11 1422 5 4 3 5 3 2 2 27 3 1 1 2 1 1 2 2
2 30 4 10 6742 3 2 2 5 3 3 3 36 3 3 2 4 1 2 2 1
2 24 5 6 7814 5 2 3 5 3 3 4 38 3 3 1 2 1 1 2 1
2 24 5 6 9277 3 5 2 2 3 4 2 48 3 1 1 4 1 1 2 1
3 30 4 11 2181 3 3 4 5 3 4 1 36 3 3 2 4 1 2 2 1
2 18 4 10 1098 5 1 4 4 3 4 4 65 3 3 2 1 1 2 2 1
3 24 5 9 4057 5 2 3 2 3 3 4 43 3 3 1 4 1 1 2 2
4 12 5 7 795 5 4 4 4 3 4 3 53 3 3 1 4 1 2 2 2
3 24 4 8 2825 3 2 4 5 3 3 2 34 3 3 2 4 2 1 2 1
3 48 5 8 15672 5 5 2 5 3 2 4 23 3 3 1 4 1 1 2 2
2 36 4 11 6614 5 3 4 5 3 4 4 34 3 3 2 2 1 1 2 1
2 28 2 6 7824 3 4 3 5 1 4 1 40 2 2 2 4 2 1 2 1
4 27 4 8 2442 5 3 4 5 3 4 4 43 1 3 4 2 2 1 2 1
2 15 4 10 1829 5 3 4 5 3 4 4 46 3 3 2 4 1 1 2 1
4 12 4 11 2171 5 5 4 5 3 4 3 38 2 3 2 3 1 2 1 1
3 36 4 6 5800 5 5 3 5 3 4 4 34 3 3 2 4 1 1 2 1
2 18 4 10 1169 3 5 4 5 3 3 3 29 3 3 2 4 1 1 2 1
2 36 3 6 8947 3 2 3 5 3 2 4 31 1 3 1 2 2 1 2 1
4 21 5 10 2606 5 4 4 4 3 4 3 28 3 2 1 2 1 1 2 1
2 12 4 9 1592 1 2 3 4 3 2 3 35 3 3 1 4 1 2 1 1
2 15 5 9 2186 3 2 1 4 3 4 1 33 2 2 1 3 1 2 2 1
4 18 5 9 4153 5 5 2 5 2 3 4 42 3 3 1 4 1 2 2 2
4 16 4 11 2625 5 3 2 5 1 4 3 43 2 2 1 4 1 1 2 2
2 20 4 11 3485 3 4 2 2 3 4 1 44 3 3 2 4 1 1 2 1
2 36 4 6 10477 3 3 2 5 3 4 2 42 3 1 2 4 1 2 2 1
2 15 5 10 1386 3 5 4 3 3 2 1 40 3 2 1 4 1 1 2 1
2 24 5 10 1278 5 3 4 5 3 1 1 36 3 3 1 2 1 1 2 1
4 12 5 10 1107 5 5 2 5 3 2 1 20 3 2 1 2 2 1 2 1
4 21 5 11 3763 3 2 2 5 2 2 1 24 3 3 1 3 1 2 1 1
3 36 5 7 3711 3 5 2 3 3 2 4 27 3 3 1 4 1 2 2 1
2 15 3 6 3594 5 4 1 4 3 2 3 46 3 3 2 3 1 2 2 1
3 9 5 11 3195 3 5 1 4 3 2 1 33 3 3 1 3 1 2 2 1
2 36 3 10 4454 5 5 4 4 3 4 1 34 3 3 2 4 1 2 2 1
3 24 4 9 4736 5 4 2 4 3 4 4 25 2 3 1 3 1 2 2 2
3 30 5 10 2991 3 3 2 4 3 4 4 25 3 3 1 4 1 2 2 1
2 11 5 8 2142 1 3 1 2 3 2 1 28 3 3 1 4 1 1 2 1
4 24 2 8 3161 5 5 4 5 3 2 3 31 3 2 1 4 1 1 2 2
3 48 1 4 18424 5 5 1 4 3 2 3 32 2 3 1 2 1 1 1 2
2 10 5 6 2848 4 5 1 5 2 2 1 32 3 3 1 4 2 2 2 1
4 6 5 11 14896 5 3 1 5 3 4 2 68 2 3 1 2 1 1 2 2
4 24 5 9 2359 4 1 1 2 3 1 3 33 3 3 1 4 1 2 2 2
4 24 5 9 3345 5 3 4 5 3 2 3 39 3 2 1 2 1 1 2 2
2 18 4 9 1817 5 5 4 4 3 2 2 28 3 3 2 4 1 2 2 1
2 48 3 10 12749 2 2 4 5 3 1 4 37 3 3 1 2 1 1 2 1
4 9 5 10 1366 5 4 3 4 3 4 3 22 3 2 1 4 1 2 2 2
3 12 5 11 2002 5 2 3 5 3 4 3 30 3 2 1 4 2 1 2 1
4 24 2 9 6872 5 4 2 2 3 1 3 55 2 3 1 4 1 1 2 2
4 12 2 11 697 5 4 4 5 3 2 4 46 2 3 2 4 1 1 2 2
4 18 4 9 1049 5 4 4 4 3 4 3 21 3 2 1 4 1 2 2 1
4 48 5 6 10297 5 2 4 5 3 4 2 39 1 1 3 4 2 1 2 2
2 30 5 10 1867 3 3 4 5 3 4 4 58 3 3 1 4 1 1 2 1
4 12 3 11 1344 5 5 4 5 3 2 1 43 3 3 2 3 2 2 2 1
4 24 5 9 1747 5 4 4 5 2 1 3 24 3 3 1 3 1 2 1 1
3 9 5 10 1670 5 4 4 4 3 2 4 22 3 3 1 4 1 1 2 2
2 9 4 11 1224 5 5 3 5 3 1 1 30 3 3 2 4 1 2 2 1
2 12 4 10 522 2 3 4 5 3 4 3 42 3 3 2 4 2 1 2 1
4 12 5 10 1498 5 5 4 4 3 1 4 23 2 3 1 4 1 2 2 1
3 30 3 10 1919 4 4 4 5 3 3 2 30 1 3 2 2 1 2 2 2
1 9 5 10 745 5 5 3 4 3 2 1 28 3 3 1 3 1 2 2 2
3 6 5 10 2063 5 4 4 3 3 3 4 30 3 2 1 2 1 1 2 1
3 60 5 7 6288 5 5 4 5 3 4 2 42 3 1 1 4 1 2 2 2
2 24 4 6 6842 3 5 2 5 3 4 3 46 3 3 2 2 2 1 2 1
2 12 5 11 3527 3 4 2 5 3 3 3 45 3 3 1 2 2 1 2 1
2 10 5 11 1546 5 5 3 5 3 2 1 31 3 3 1 3 2 2 1 1
2 24 5 9 929 3 2 4 5 3 2 4 31 1 3 1 4 1 1 2 1
2 4 4 11 1455 5 2 2 5 3 1 1 42 3 3 3 3 2 2 2 1
4 15 5 9 1845 5 4 4 4 1 1 3 46 3 2 1 4 1 2 2 1
3 48 1 11 8358 2 4 1 4 3 1 4 30 3 3 2 4 1 2 2 1
4 24 2 9 3349 2 4 4 5 3 4 2 30 3 1 1 4 2 1 2 2
2 12 5 11 2859 3 1 4 5 3 4 2 38 3 3 1 2 1 1 2 1
2 18 5 9 1533 5 4 4 3 2 1 3 43 3 3 1 3 2 2 2 2
2 24 5 10 3621 4 3 2 5 3 4 4 31 3 3 2 4 1 2 2 2
3 18 4 8 3590 5 1 3 3 3 3 4 40 3 3 3 1 2 1 2 1
4 36 3 8 2145 5 2 2 5 3 1 4 24 3 3 2 4 1 1 2 2
3 24 5 6 4113 2 4 3 4 3 4 4 28 3 2 1 4 1 2 2 2
2 36 5 9 10974 5 1 4 4 3 2 4 26 3 3 2 2 1 1 2 2
4 12 5 11 1893 5 5 4 4 1 4 3 29 3 3 1 4 1 1 2 1
4 24 4 10 1231 1 3 4 4 3 4 3 57 3 2 2 2 1 1 2 1
1 30 4 10 3656 3 3 4 5 3 4 3 49 1 3 2 3 1 2 2 1
3 9 4 10 1154 5 3 2 5 3 4 1 37 3 3 3 3 1 2 2 1
4 28 5 11 4006 5 5 3 5 3 2 4 45 3 3 1 3 1 2 2 2
3 24 5 9 3069 4 3 4 5 3 4 2 30 3 1 1 4 1 2 2 1
2 6 4 10 1740 5 3 2 3 3 2 1 30 3 2 2 4 1 2 2 1
3 21 3 11 2353 5 5 1 2 3 4 3 47 3 3 2 4 1 2 2 1
2 15 5 11 3556 3 5 3 5 3 2 2 29 3 3 1 4 1 2 2 1
2 24 5 10 2397 2 3 3 5 3 2 4 35 2 3 2 4 1 1 2 2
3 6 5 5 454 5 4 3 3 3 1 3 22 3 3 1 3 1 2 2 1
3 30 5 10 1715 3 5 4 4 3 1 4 26 3 3 1 4 1 2 2 1
3 27 4 10 2520 2 5 4 5 3 2 3 23 3 3 2 3 1 2 2 2
2 15 5 10 3568 5 3 4 4 3 2 4 54 2 2 1 2 1 1 2 1
2 42 5 10 7166 3 2 2 3 3 4 3 29 3 2 1 4 1 1 2 1
4 11 4 11 3939 5 5 1 5 3 2 1 40 3 3 2 3 2 2 2 1
3 15 5 5 1514 4 5 4 5 1 2 1 22 3 3 1 4 1 2 2 1
2 24 5 11 7393 5 5 1 5 3 4 3 43 3 3 1 3 2 2 2 1
4 24 2 11 1193 5 1 1 4 2 4 2 29 3 2 2 1 1 2 2 2
4 60 5 8 7297 5 3 4 5 2 4 2 36 3 2 1 4 1 2 2 2
2 30 4 10 2831 5 5 4 4 3 2 4 33 3 3 1 4 1 1 2 1
1 24 5 10 1258 2 5 3 4 3 3 4 57 3 3 1 3 1 2 2 1
3 6 5 10 753 5 5 2 4 1 3 1 64 3 3 1 4 1 2 2 1
3 18 3 8 2427 3 3 4 5 3 2 3 42 3 3 2 4 1 2 2 1
2 24 3 11 2538 5 3 4 5 3 4 4 47 3 3 2 3 2 2 2 2
3 15 2 11 1264 4 5 2 3 3 2 3 25 3 2 1 4 1 2 2 2
3 30 4 9 8386 5 2 2 5 3 2 3 49 3 3 1 4 1 2 2 2
2 48 5 8 4844 5 1 3 5 3 2 4 33 2 2 1 2 1 1 2 2
1 21 5 11 2923 4 5 1 4 3 1 4 28 2 3 1 2 1 1 2 1
4 36 5 6 8229 5 5 2 5 3 2 3 26 3 3 1 4 2 2 2 2
2 24 4 9 2028 5 2 2 5 3 2 3 30 3 3 2 3 1 2 2 1
4 15 4 9 1433 5 5 4 4 3 3 3 25 3 2 2 4 1 2 2 1
1 42 1 8 6289 5 4 2 2 3 1 3 33 3 3 2 4 1 2 2 1
2 13 5 10 1409 4 1 2 4 3 4 1 64 3 3 1 4 1 2 2 1
4 24 5 6 6579 5 1 4 5 3 2 2 29 3 1 1 2 1 1 2 1
3 24 4 10 1743 5 3 4 5 3 2 3 48 3 3 2 3 1 2 2 1
2 12 4 7 3565 3 4 2 5 3 1 3 37 3 3 2 3 2 2 2 1
2 15 2 10 1569 4 3 4 5 3 4 4 34 2 3 1 3 2 2 2 1
4 18 5 10 1936 3 2 2 3 3 4 4 23 3 2 2 3 1 2 2 1
4 36 5 9 3959 5 1 4 5 3 3 3 30 3 3 1 2 1 1 2 1
2 12 5 11 2390 3 3 4 5 3 3 4 50 3 3 1 4 1 1 2 1
2 12 5 9 1736 5 2 3 4 3 4 1 31 3 3 1 3 1 2 2 1
4 30 5 6 3857 5 5 4 2 3 4 3 40 3 3 1 2 1 1 2 1
2 12 5 10 804 5 3 4 5 3 4 4 38 3 3 1 4 1 2 2 1
4 45 5 10 1845 5 5 4 5 3 4 2 23 3 1 1 4 1 1 2 2
3 45 4 6 4576 4 1 3 5 3 4 4 27 3 3 1 4 1 2 2 1
